87
65601
24878
5374
62
0
6
51579
9
8576
0
57522
21
7
714
93
255
227
25
9
58
6943
2413
0
475
78
33272
94
6
417
28148
23454
94811
43
10959
6722
27
30040
7143
1672
97
8335
46226
6031
16948
661
3491
97299
47520
0
1
570
4073
6
381
83502
37
4
64
848
9
6
25
855
4
3
35
7167
11064
259
3
2771
25205
35
3384
56
2
3
605
6927
329
3
948
534
17
388
68
6052
9
8878
71637
953
180
92571
3
1488
90
0
7
980
372
2
9
396
7
80
18
709
9657
6329
3
47099
595
399
45002
8
86780
999
34337
2865
44646
45467
8791
0
86568
3
5369
53676
7
58
528
98416
8
2168
383
7110
244
61
2382
46
6725
23738
8956
4
883
2234
83837
49
8060
9265
4
7179
9
8490
50005
467
5191
6
1
262
718
92679
5360
21
3984
850
74
2232
54
97535
2659
87
16466
8
74
5
12
6146
86991
17
377
5682
37
687
7
50882
56344
91034
25130
8915
501
52534
7
1
5
8722
46497
1
5
3
820
85
55
42327
9406
8614
40
717
22957
5412
26
630
3
364
281
96
579
907
3069
6
0
733
570
60
6
28232
26
1
6
14
8
69153
59960
350
1689
3865
5002
3
7770
74
973
777
255
7
8642
7220
31759
23
1
486
21
52
33059
946
95679
8372
2923
144
55
62
47
13
412
21
99
4080
79
59
1586
6040
54
437
271
4804
7
7
7
53390
355
56
6
7
201
6
663
94
4
396
72
349
903
6390
84
59126
232
8908
25
0
77982
811
8117
9884
6
6412
4
9
26
143
9192
58
600
1716
9
6
3
7021
4019
19
972
41840
41
46
39740
4536
918
494
7686
56
2116
5239
836
6398
4
595
7
0
140
5935
5
1
58304
1
34
897
961
32
6947
45
6
168
13
2508
83
41
6
19
57023
3761
99727
8
77
2
35673
943
846
5581
14
4
4
6
442
11944
517
2
47507
99276
931
75
6
30
60
9
73
2016
727
9814
32
2680
5
2
5
22
4
7
5
878
493
3
4
80
864
6793
57287
137
55
6521
111
7
31
3349
412
92082
41
3406
94855
8
57268
21688
687
479
5
0
7
691
71356
3
36
1
5483
8
164
52
1943
47
53
6
96
7
104
390
5390
2
67395
6124
88
528
31
8750
3
749
85024
650
3543
44240
381
491
525
3
694
0
9851
673
87641
49159
23823
966
708
428
75
74
47748
7117
8
4
788
96
7
4145
737
8
7573
280
8
2500
659
3
63
26
14
14586
370
7
90
2
795
2
7469
73031
793
9059
4
35
834
22303
769
2
7
5
997
463
8053
8178
1
427
37
0
959
354
2381
5843
48
6
3
322
34391
69770
71948
77
1
2278
4915
624
2132
613
528
1693
964
7159
1
342
88
5
69
14
74716
581
379
52
43393
43
7
55
5283
960
65
41
6
194
82
158
55412
1183
8846
16
612
28
9
42
9
9
5116
7045
74
171
103
961
73975
0
7
250
969
8911
55853
40584
3
27784
579
9
1510
5
8
407
66761
856
36035
4
53568
7396
250
3177
69581
88830
76825
642
26
340
7059
356
23
6
3
4090
5
2652
435
6
630
1
587
6772
405
57
1
6
370
72491
67
81474
28
91
4
12
3
907
53357
588
2
12631
12652
55249
82965
515
32
14
99509
5
336
2627
8
35
333
62
0
4
409
218
43674
510
934
706
85
1
930
661
3337
2400
6
9291
4611
287
76997
69
9
9
8
53
73
9760
84901
4
366
9
190
84322
24751
60862
51
87
343
7
5
8
40
7749
9258
817
2
3001
559
60
8
28
1
2092
95
0
4
4
49
88
1381
824
7
3
4744
939
78
396
258
9
2627
9
6505
12680
96772
1
241
24565
7
9000
8828
6
36
31
806
761
6
42
16
7
34
1351
559
185
2305
59376
9172
62643
63
864
80
0
940
794
981
38142
39875
561
7
6835
90
9
7
948
5889
6961
5497
190
8
3389
628
372
27
28657
29
89
2145
61
8386
4
621
94
9
179
31664
3
5
8
915
258
0
5
517
8
3
26
63293
35303
52374
7
81
9899
633
60748
94255
247
46
3
816
28926
774
68
15044
5
63
6
51377
9
1
9
9815
727
46174
21773
7804
6
1
27149
210
13942
0
477
42
72
929
7
12
77
61
5591
183
44936
2
29
4289
578
424
47056
143
586
4217
246
624
44
47840
89
2
5089
5829
7710
1459
1
0
19755
82901
4
36
46974
316
56
1140
4
917
1
9
602
307
576
7
79990
18
26695
91
7
4831
7
618
4
7
9018
5
90103
46355
523
65946
7609
749
95427
4490
29738
797
3
9903
981
0
1
84177
4
88
61
1726
29
3
77490
37
82
68
378
4045
1073
27269
8
66624
8239
809
321
31
71
1262
14289
10
24643
62331
465
81091
1
28700
5
889
18
7
22010
2466
83
8
166
3
2
18
1
691
633
81
4915
2
4
23
9643
35
977
1
6413
17533
46866
72
6147
6
76250
4
0
1414
82
3
2867
3141
9678
1
178
328
3333
7
93307
3
289
46
41
2
8857
75068
47
30479
91
68730
98
335
79611
749
425
6
8
