Query: (588, 592, 954, 958)
	[588, 954]
	[588, 954]
	[588, 954]
	[588, 955]
	[588, 956]
	[588, 956]
	[588, 957]
	[589, 954]
	[589, 954]
	[589, 955]
	[589, 955]
	[589, 956]
	[589, 956]
	[589, 957]
	[589, 957]
	[589, 958]
	[589, 958]
	[589, 958]
	[590, 954]
	[590, 954]
	[590, 954]
	[590, 955]
	[590, 956]
	[590, 956]
	[590, 958]
	[591, 954]
	[591, 954]
	[591, 955]
	[591, 956]
	[591, 956]
	[591, 957]
	[591, 957]
	[591, 957]
	[591, 957]
	[591, 957]
	[591, 958]
	[592, 954]
	[592, 955]
	[592, 956]
	[592, 956]
	[592, 957]
	[592, 957]
	[592, 957]
	[592, 958]
	[592, 958]
Query: (827, 831, 489, 493)
	[827, 489]
	[827, 490]
	[827, 490]
	[827, 490]
	[827, 490]
	[827, 491]
	[827, 492]
	[827, 493]
	[827, 493]
	[828, 489]
	[828, 489]
	[828, 489]
	[828, 490]
	[828, 490]
	[828, 490]
	[828, 491]
	[828, 492]
	[828, 492]
	[828, 492]
	[828, 492]
	[828, 493]
	[828, 493]
	[828, 493]
	[829, 489]
	[829, 489]
	[829, 489]
	[829, 490]
	[829, 491]
	[829, 491]
	[829, 491]
	[829, 491]
	[829, 492]
	[829, 492]
	[829, 492]
	[829, 492]
	[829, 493]
	[829, 493]
	[830, 489]
	[830, 489]
	[830, 490]
	[830, 490]
	[830, 491]
	[830, 492]
	[830, 493]
	[831, 489]
	[831, 489]
	[831, 489]
	[831, 489]
	[831, 489]
	[831, 491]
	[831, 491]
	[831, 492]
	[831, 492]
	[831, 493]
	[831, 493]
	[831, 493]
	[831, 493]
	[831, 493]
	[831, 493]
Query: (412, 416, 236, 240)
	[412, 236]
	[412, 236]
	[412, 236]
	[412, 236]
	[412, 237]
	[412, 238]
	[412, 238]
	[412, 238]
	[412, 239]
	[412, 240]
	[412, 240]
	[412, 240]
	[413, 236]
	[413, 236]
	[413, 236]
	[413, 237]
	[413, 238]
	[413, 238]
	[413, 238]
	[413, 238]
	[413, 238]
	[413, 239]
	[413, 239]
	[413, 240]
	[414, 236]
	[414, 237]
	[414, 237]
	[414, 238]
	[414, 238]
	[415, 236]
	[415, 237]
	[415, 237]
	[415, 238]
	[415, 239]
	[415, 239]
	[415, 240]
	[416, 236]
	[416, 236]
	[416, 237]
	[416, 238]
	[416, 238]
Query: (1008, 1012, 404, 408)
	[1008, 404]
	[1008, 405]
	[1008, 406]
	[1008, 406]
	[1008, 407]
	[1008, 407]
	[1008, 407]
	[1008, 408]
	[1008, 408]
	[1008, 408]
	[1009, 404]
	[1009, 404]
	[1009, 404]
	[1009, 405]
	[1009, 405]
	[1009, 406]
	[1009, 406]
	[1009, 407]
	[1010, 404]
	[1010, 404]
	[1010, 405]
	[1010, 405]
	[1010, 407]
	[1010, 407]
	[1010, 407]
	[1010, 407]
	[1010, 408]
	[1010, 408]
	[1011, 404]
	[1011, 405]
	[1011, 405]
	[1011, 406]
	[1011, 407]
	[1011, 407]
	[1011, 407]
	[1011, 407]
	[1011, 408]
	[1011, 408]
	[1011, 408]
	[1011, 408]
	[1012, 404]
	[1012, 404]
	[1012, 405]
	[1012, 405]
	[1012, 405]
	[1012, 407]
	[1012, 407]
	[1012, 408]
Query: (92, 96, 719, 723)
	[92, 719]
	[92, 720]
	[92, 720]
	[92, 720]
	[92, 720]
	[92, 722]
	[92, 722]
	[92, 722]
	[92, 723]
	[93, 719]
	[93, 720]
	[93, 721]
	[93, 722]
	[93, 722]
	[93, 723]
	[94, 719]
	[94, 720]
	[94, 721]
	[94, 721]
	[94, 722]
	[94, 722]
	[94, 722]
	[94, 723]
	[95, 719]
	[95, 720]
	[95, 721]
	[95, 722]
	[95, 722]
	[95, 722]
	[95, 722]
	[95, 722]
	[95, 723]
	[95, 723]
	[95, 723]
	[96, 719]
	[96, 719]
	[96, 719]
	[96, 719]
	[96, 720]
	[96, 720]
	[96, 721]
	[96, 721]
	[96, 722]
	[96, 722]
Query: (327, 331, 570, 574)
	[327, 573]
	[327, 573]
	[327, 573]
	[327, 574]
	[327, 574]
	[328, 570]
	[328, 571]
	[328, 571]
	[328, 571]
	[328, 572]
	[328, 572]
	[328, 573]
	[328, 573]
	[328, 573]
	[328, 573]
	[328, 574]
	[328, 574]
	[328, 574]
	[329, 572]
	[329, 573]
	[329, 573]
	[329, 573]
	[329, 574]
	[329, 574]
	[329, 574]
	[330, 570]
	[330, 571]
	[330, 571]
	[330, 572]
	[330, 572]
	[330, 572]
	[330, 573]
	[330, 573]
	[330, 574]
	[330, 574]
	[330, 574]
	[331, 570]
	[331, 571]
	[331, 571]
	[331, 572]
	[331, 572]
	[331, 572]
	[331, 573]
	[331, 573]
	[331, 574]
	[331, 574]
Query: (522, 526, 772, 776)
	[522, 772]
	[522, 772]
	[522, 773]
	[522, 774]
	[522, 775]
	[522, 775]
	[522, 775]
	[522, 776]
	[522, 776]
	[523, 772]
	[523, 772]
	[523, 772]
	[523, 772]
	[523, 773]
	[523, 774]
	[523, 774]
	[523, 775]
	[523, 775]
	[523, 775]
	[523, 775]
	[523, 776]
	[524, 772]
	[524, 772]
	[524, 772]
	[524, 772]
	[524, 772]
	[524, 773]
	[524, 774]
	[524, 774]
	[524, 775]
	[524, 775]
	[524, 776]
	[525, 772]
	[525, 772]
	[525, 772]
	[525, 773]
	[525, 773]
	[525, 774]
	[525, 775]
	[525, 775]
	[525, 775]
	[525, 775]
	[525, 776]
	[526, 773]
	[526, 773]
	[526, 774]
	[526, 775]
	[526, 775]
	[526, 775]
	[526, 775]
	[526, 776]
Query: (62, 66, 1015, 1019)
	[62, 1015]
	[62, 1015]
	[62, 1015]
	[62, 1015]
	[62, 1015]
	[62, 1016]
	[62, 1017]
	[63, 1015]
	[63, 1015]
	[63, 1016]
	[63, 1016]
	[63, 1017]
	[63, 1018]
	[63, 1018]
	[63, 1018]
	[63, 1019]
	[64, 1015]
	[64, 1015]
	[64, 1015]
	[64, 1015]
	[64, 1015]
	[64, 1016]
	[64, 1016]
	[64, 1016]
	[64, 1019]
	[64, 1019]
	[65, 1015]
	[65, 1015]
	[65, 1016]
	[65, 1016]
	[65, 1017]
	[65, 1017]
	[65, 1017]
	[65, 1017]
	[65, 1017]
	[65, 1017]
	[65, 1018]
	[65, 1019]
	[65, 1019]
	[66, 1015]
	[66, 1015]
	[66, 1015]
	[66, 1015]
	[66, 1016]
	[66, 1016]
	[66, 1018]
	[66, 1018]
	[66, 1019]
	[66, 1019]
	[66, 1019]
	[66, 1019]
Query: (740, 744, 982, 986)
	[740, 982]
	[740, 983]
	[740, 985]
	[740, 985]
	[740, 985]
	[740, 986]
	[740, 986]
	[741, 982]
	[741, 982]
	[741, 983]
	[741, 983]
	[741, 984]
	[741, 985]
	[742, 982]
	[742, 982]
	[742, 983]
	[742, 983]
	[742, 983]
	[742, 983]
	[742, 983]
	[742, 983]
	[742, 984]
	[742, 984]
	[742, 984]
	[742, 985]
	[742, 985]
	[742, 986]
	[742, 986]
	[742, 986]
	[742, 986]
	[742, 986]
	[742, 986]
	[742, 986]
	[743, 982]
	[743, 982]
	[743, 983]
	[743, 983]
	[743, 985]
	[743, 985]
	[743, 985]
	[743, 985]
	[743, 986]
	[743, 986]
	[744, 982]
	[744, 982]
	[744, 982]
	[744, 984]
	[744, 984]
	[744, 984]
	[744, 985]
	[744, 985]
	[744, 986]
Query: (568, 572, 546, 550)
	[568, 546]
	[568, 546]
	[568, 547]
	[568, 548]
	[568, 548]
	[568, 549]
	[568, 550]
	[569, 546]
	[569, 546]
	[569, 546]
	[569, 547]
	[569, 547]
	[569, 548]
	[569, 548]
	[569, 548]
	[569, 549]
	[569, 549]
	[569, 549]
	[569, 550]
	[569, 550]
	[569, 550]
	[569, 550]
	[569, 550]
	[570, 548]
	[570, 548]
	[570, 549]
	[570, 549]
	[570, 550]
	[570, 550]
	[570, 550]
	[571, 546]
	[571, 547]
	[571, 547]
	[571, 548]
	[571, 549]
	[571, 549]
	[571, 550]
	[571, 550]
	[571, 550]
	[572, 546]
	[572, 546]
	[572, 546]
	[572, 547]
	[572, 548]
	[572, 549]
	[572, 550]
Query: (540, 544, 983, 987)
	[540, 983]
	[540, 983]
	[540, 983]
	[540, 983]
	[540, 984]
	[540, 984]
	[540, 984]
	[540, 984]
	[540, 984]
	[540, 985]
	[540, 986]
	[540, 986]
	[540, 986]
	[540, 986]
	[540, 986]
	[540, 987]
	[540, 987]
	[540, 987]
	[540, 987]
	[540, 987]
	[541, 983]
	[541, 984]
	[541, 986]
	[541, 986]
	[541, 987]
	[541, 987]
	[542, 983]
	[542, 983]
	[542, 983]
	[542, 984]
	[542, 985]
	[542, 985]
	[542, 985]
	[542, 987]
	[543, 983]
	[543, 983]
	[543, 983]
	[543, 984]
	[543, 984]
	[543, 984]
	[543, 986]
	[543, 986]
	[543, 986]
	[543, 987]
	[543, 987]
	[543, 987]
	[544, 983]
	[544, 985]
	[544, 985]
	[544, 985]
	[544, 986]
	[544, 986]
	[544, 987]
	[544, 987]
	[544, 987]
Query: (847, 851, 118, 122)
	[847, 118]
	[847, 118]
	[847, 119]
	[847, 119]
	[847, 119]
	[847, 121]
	[847, 121]
	[847, 122]
	[847, 122]
	[848, 118]
	[848, 118]
	[848, 118]
	[848, 118]
	[848, 118]
	[848, 119]
	[848, 119]
	[848, 119]
	[848, 120]
	[848, 120]
	[848, 121]
	[848, 121]
	[848, 122]
	[848, 122]
	[848, 122]
	[848, 122]
	[849, 119]
	[849, 119]
	[849, 120]
	[849, 120]
	[849, 120]
	[849, 120]
	[849, 120]
	[849, 121]
	[849, 121]
	[849, 121]
	[849, 122]
	[849, 122]
	[849, 122]
	[849, 122]
	[850, 118]
	[850, 119]
	[850, 120]
	[850, 121]
	[850, 122]
	[850, 122]
	[851, 118]
	[851, 118]
	[851, 118]
	[851, 118]
	[851, 119]
	[851, 120]
	[851, 121]
	[851, 121]
Query: (876, 880, 52, 56)
	[876, 52]
	[876, 54]
	[876, 54]
	[876, 56]
	[876, 56]
	[877, 52]
	[877, 53]
	[877, 54]
	[877, 55]
	[877, 56]
	[877, 56]
	[877, 56]
	[877, 56]
	[877, 56]
	[877, 56]
	[878, 52]
	[878, 53]
	[878, 53]
	[878, 53]
	[878, 54]
	[878, 55]
	[878, 55]
	[878, 56]
	[879, 53]
	[879, 53]
	[879, 53]
	[879, 54]
	[879, 55]
	[879, 56]
	[879, 56]
	[879, 56]
	[880, 52]
	[880, 52]
	[880, 53]
	[880, 53]
	[880, 54]
	[880, 55]
	[880, 56]
Query: (805, 809, 310, 314)
	[805, 310]
	[805, 310]
	[805, 310]
	[805, 310]
	[805, 311]
	[805, 312]
	[805, 312]
	[805, 313]
	[805, 313]
	[805, 313]
	[805, 313]
	[805, 314]
	[806, 310]
	[806, 310]
	[806, 312]
	[806, 313]
	[806, 313]
	[806, 313]
	[806, 314]
	[807, 311]
	[807, 311]
	[807, 312]
	[807, 313]
	[807, 313]
	[808, 310]
	[808, 311]
	[808, 312]
	[808, 313]
	[808, 313]
	[808, 314]
	[809, 310]
	[809, 310]
	[809, 310]
	[809, 311]
	[809, 311]
	[809, 311]
	[809, 311]
	[809, 312]
	[809, 313]
	[809, 313]
	[809, 313]
	[809, 313]
	[809, 314]
Query: (324, 328, 592, 596)
	[324, 592]
	[324, 593]
	[324, 593]
	[324, 594]
	[324, 595]
	[324, 595]
	[324, 595]
	[324, 596]
	[324, 596]
	[324, 596]
	[325, 592]
	[325, 592]
	[325, 592]
	[325, 594]
	[325, 594]
	[325, 594]
	[325, 594]
	[325, 595]
	[325, 595]
	[325, 596]
	[325, 596]
	[325, 596]
	[325, 596]
	[326, 592]
	[326, 592]
	[326, 592]
	[326, 592]
	[326, 595]
	[326, 596]
	[326, 596]
	[326, 596]
	[327, 592]
	[327, 593]
	[327, 594]
	[327, 595]
	[327, 595]
	[327, 596]
	[327, 596]
	[327, 596]
	[327, 596]
	[327, 596]
	[328, 592]
	[328, 592]
	[328, 593]
	[328, 593]
	[328, 593]
	[328, 593]
	[328, 596]
	[328, 596]
Query: (461, 465, 542, 546)
	[461, 543]
	[461, 543]
	[461, 543]
	[461, 544]
	[462, 542]
	[462, 542]
	[462, 542]
	[462, 543]
	[462, 543]
	[462, 543]
	[462, 544]
	[462, 544]
	[462, 544]
	[462, 545]
	[462, 545]
	[462, 545]
	[462, 545]
	[462, 546]
	[463, 542]
	[463, 543]
	[463, 543]
	[463, 543]
	[463, 543]
	[463, 545]
	[463, 545]
	[463, 545]
	[464, 542]
	[464, 542]
	[464, 542]
	[464, 542]
	[464, 543]
	[464, 543]
	[464, 544]
	[464, 544]
	[464, 544]
	[464, 545]
	[464, 546]
	[465, 542]
	[465, 542]
	[465, 542]
	[465, 542]
	[465, 543]
	[465, 544]
	[465, 546]
Query: (767, 771, 919, 923)
	[767, 919]
	[767, 919]
	[767, 919]
	[767, 920]
	[767, 921]
	[767, 921]
	[767, 921]
	[767, 923]
	[767, 923]
	[768, 920]
	[768, 921]
	[768, 921]
	[768, 921]
	[768, 922]
	[768, 923]
	[768, 923]
	[769, 919]
	[769, 920]
	[769, 920]
	[769, 921]
	[769, 922]
	[769, 922]
	[769, 922]
	[769, 922]
	[769, 922]
	[769, 922]
	[769, 923]
	[769, 923]
	[770, 919]
	[770, 922]
	[770, 923]
	[770, 923]
	[771, 919]
	[771, 919]
	[771, 920]
	[771, 920]
	[771, 921]
	[771, 921]
	[771, 921]
	[771, 921]
	[771, 922]
Query: (112, 116, 551, 555)
	[112, 551]
	[112, 553]
	[112, 553]
	[112, 553]
	[112, 554]
	[112, 555]
	[112, 555]
	[112, 555]
	[113, 552]
	[113, 553]
	[113, 553]
	[113, 554]
	[113, 554]
	[113, 554]
	[113, 554]
	[113, 554]
	[113, 555]
	[113, 555]
	[114, 551]
	[114, 551]
	[114, 552]
	[114, 552]
	[114, 552]
	[114, 553]
	[114, 553]
	[114, 554]
	[114, 554]
	[114, 554]
	[114, 554]
	[114, 554]
	[114, 555]
	[114, 555]
	[114, 555]
	[115, 551]
	[115, 551]
	[115, 551]
	[115, 551]
	[115, 552]
	[115, 552]
	[115, 552]
	[115, 554]
	[115, 554]
	[115, 554]
	[115, 555]
	[116, 551]
	[116, 551]
	[116, 552]
	[116, 553]
	[116, 553]
	[116, 553]
	[116, 554]
	[116, 554]
	[116, 554]
	[116, 554]
	[116, 554]
	[116, 554]
Query: (112, 116, 441, 445)
	[112, 441]
	[112, 442]
	[112, 442]
	[112, 442]
	[112, 442]
	[112, 442]
	[112, 442]
	[112, 443]
	[112, 443]
	[112, 443]
	[112, 443]
	[112, 444]
	[112, 444]
	[112, 444]
	[113, 441]
	[113, 442]
	[113, 442]
	[113, 442]
	[113, 442]
	[113, 443]
	[113, 443]
	[113, 443]
	[113, 443]
	[113, 443]
	[113, 444]
	[113, 444]
	[113, 444]
	[113, 444]
	[113, 444]
	[113, 445]
	[114, 441]
	[114, 441]
	[114, 442]
	[114, 442]
	[114, 442]
	[114, 442]
	[114, 442]
	[114, 442]
	[114, 445]
	[114, 445]
	[114, 445]
	[115, 441]
	[115, 441]
	[115, 441]
	[115, 442]
	[115, 442]
	[115, 442]
	[115, 442]
	[115, 442]
	[115, 444]
	[115, 445]
	[116, 441]
	[116, 442]
	[116, 442]
	[116, 443]
Query: (275, 279, 554, 558)
	[275, 554]
	[275, 554]
	[275, 554]
	[275, 555]
	[275, 555]
	[275, 556]
	[275, 556]
	[275, 558]
	[275, 558]
	[275, 558]
	[276, 554]
	[276, 554]
	[276, 555]
	[276, 557]
	[276, 558]
	[276, 558]
	[277, 554]
	[277, 554]
	[277, 554]
	[277, 555]
	[277, 555]
	[277, 555]
	[277, 556]
	[277, 558]
	[277, 558]
	[278, 554]
	[278, 555]
	[278, 555]
	[278, 555]
	[278, 556]
	[278, 556]
	[278, 557]
	[279, 554]
	[279, 554]
	[279, 554]
	[279, 554]
	[279, 555]
	[279, 555]
	[279, 556]
	[279, 556]
	[279, 557]
	[279, 558]
Query: (535, 539, 727, 731)
	[535, 728]
	[535, 728]
	[535, 729]
	[535, 730]
	[535, 731]
	[536, 727]
	[536, 728]
	[536, 729]
	[536, 729]
	[536, 730]
	[536, 730]
	[536, 731]
	[537, 728]
	[537, 728]
	[537, 728]
	[537, 729]
	[537, 729]
	[537, 729]
	[537, 730]
	[537, 731]
	[537, 731]
	[537, 731]
	[538, 727]
	[538, 727]
	[538, 727]
	[538, 728]
	[538, 728]
	[538, 730]
	[538, 730]
	[538, 730]
	[539, 727]
	[539, 727]
	[539, 727]
	[539, 727]
	[539, 727]
	[539, 728]
	[539, 728]
	[539, 728]
	[539, 729]
	[539, 729]
	[539, 729]
	[539, 730]
	[539, 731]
Query: (992, 996, 17, 21)
	[992, 17]
	[992, 17]
	[992, 17]
	[992, 17]
	[992, 18]
	[992, 19]
	[992, 20]
	[992, 20]
	[992, 21]
	[993, 17]
	[993, 17]
	[993, 18]
	[993, 19]
	[993, 19]
	[993, 19]
	[993, 19]
	[993, 19]
	[993, 19]
	[993, 20]
	[993, 21]
	[993, 21]
	[993, 21]
	[994, 17]
	[994, 18]
	[994, 18]
	[994, 19]
	[994, 19]
	[994, 20]
	[994, 20]
	[994, 20]
	[994, 20]
	[994, 21]
	[994, 21]
	[994, 21]
	[995, 17]
	[995, 18]
	[995, 18]
	[995, 20]
	[995, 21]
	[995, 21]
	[995, 21]
	[995, 21]
	[995, 21]
	[996, 17]
	[996, 17]
	[996, 18]
	[996, 18]
	[996, 18]
	[996, 18]
	[996, 18]
	[996, 18]
	[996, 19]
	[996, 20]
	[996, 21]
	[996, 21]
	[996, 21]
Query: (725, 729, 817, 821)
	[725, 817]
	[725, 818]
	[725, 818]
	[725, 820]
	[725, 820]
	[725, 821]
	[725, 821]
	[725, 821]
	[726, 818]
	[726, 819]
	[726, 821]
	[726, 821]
	[726, 821]
	[727, 818]
	[727, 820]
	[727, 821]
	[727, 821]
	[728, 817]
	[728, 817]
	[728, 818]
	[728, 819]
	[728, 819]
	[728, 819]
	[728, 821]
	[728, 821]
	[729, 817]
	[729, 817]
	[729, 819]
	[729, 820]
	[729, 820]
Query: (318, 322, 145, 149)
	[318, 145]
	[318, 146]
	[318, 147]
	[318, 147]
	[318, 147]
	[318, 147]
	[318, 148]
	[318, 148]
	[318, 149]
	[318, 149]
	[318, 149]
	[319, 146]
	[319, 146]
	[319, 147]
	[319, 147]
	[319, 148]
	[319, 148]
	[319, 148]
	[320, 145]
	[320, 145]
	[320, 145]
	[320, 146]
	[320, 146]
	[320, 146]
	[320, 148]
	[320, 148]
	[320, 149]
	[320, 149]
	[320, 149]
	[321, 145]
	[321, 146]
	[321, 146]
	[321, 146]
	[321, 147]
	[321, 148]
	[321, 148]
	[321, 149]
	[321, 149]
	[321, 149]
	[322, 145]
	[322, 145]
	[322, 146]
	[322, 147]
	[322, 147]
	[322, 148]
	[322, 148]
	[322, 149]
	[322, 149]
Query: (297, 301, 488, 492)
	[297, 488]
	[297, 488]
	[297, 489]
	[297, 489]
	[297, 489]
	[297, 489]
	[297, 489]
	[297, 490]
	[297, 491]
	[298, 489]
	[298, 489]
	[298, 490]
	[298, 490]
	[298, 490]
	[298, 490]
	[298, 490]
	[298, 490]
	[298, 492]
	[299, 488]
	[299, 489]
	[299, 489]
	[299, 489]
	[299, 489]
	[299, 490]
	[299, 490]
	[299, 490]
	[299, 491]
	[299, 491]
	[299, 491]
	[299, 492]
	[299, 492]
	[300, 488]
	[300, 489]
	[300, 489]
	[300, 490]
	[300, 491]
	[300, 492]
	[300, 492]
	[301, 488]
	[301, 488]
	[301, 488]
	[301, 488]
	[301, 489]
	[301, 489]
	[301, 490]
	[301, 490]
	[301, 491]
Query: (867, 871, 262, 266)
	[867, 262]
	[867, 263]
	[867, 264]
	[867, 266]
	[868, 262]
	[868, 263]
	[868, 263]
	[868, 263]
	[868, 264]
	[868, 264]
	[868, 264]
	[868, 264]
	[868, 264]
	[868, 265]
	[869, 262]
	[869, 262]
	[869, 263]
	[869, 263]
	[869, 264]
	[869, 264]
	[869, 265]
	[869, 265]
	[869, 265]
	[869, 265]
	[869, 266]
	[870, 262]
	[870, 262]
	[870, 262]
	[870, 263]
	[870, 263]
	[870, 263]
	[870, 266]
	[871, 262]
	[871, 262]
	[871, 266]
	[871, 266]
Query: (930, 934, 376, 380)
	[930, 376]
	[930, 377]
	[930, 377]
	[930, 378]
	[930, 378]
	[930, 379]
	[930, 379]
	[930, 380]
	[930, 380]
	[931, 376]
	[931, 376]
	[931, 376]
	[931, 376]
	[931, 377]
	[931, 377]
	[931, 377]
	[931, 378]
	[931, 379]
	[931, 379]
	[931, 380]
	[932, 377]
	[932, 377]
	[932, 377]
	[932, 378]
	[932, 380]
	[932, 380]
	[933, 376]
	[933, 377]
	[933, 377]
	[933, 377]
	[933, 377]
	[933, 380]
	[933, 380]
	[933, 380]
	[933, 380]
	[934, 376]
	[934, 378]
	[934, 378]
	[934, 378]
	[934, 380]
Query: (652, 656, 675, 679)
	[652, 676]
	[652, 676]
	[652, 676]
	[652, 677]
	[652, 677]
	[652, 677]
	[652, 679]
	[653, 675]
	[653, 675]
	[653, 675]
	[653, 676]
	[653, 676]
	[653, 677]
	[653, 677]
	[653, 677]
	[653, 678]
	[653, 678]
	[653, 678]
	[653, 678]
	[654, 675]
	[654, 675]
	[654, 675]
	[654, 677]
	[654, 677]
	[654, 678]
	[654, 679]
	[654, 679]
	[654, 679]
	[654, 679]
	[655, 675]
	[655, 675]
	[655, 676]
	[655, 677]
	[655, 677]
	[655, 678]
	[655, 678]
	[655, 678]
	[656, 675]
	[656, 676]
	[656, 676]
	[656, 677]
	[656, 678]
	[656, 678]
	[656, 678]
	[656, 678]
	[656, 679]
	[656, 679]
Query: (260, 264, 173, 177)
	[260, 173]
	[260, 174]
	[260, 174]
	[260, 174]
	[260, 175]
	[260, 175]
	[260, 175]
	[260, 177]
	[261, 173]
	[261, 174]
	[261, 174]
	[261, 174]
	[261, 176]
	[261, 176]
	[261, 177]
	[261, 177]
	[261, 177]
	[261, 177]
	[261, 177]
	[262, 173]
	[262, 173]
	[262, 173]
	[262, 173]
	[262, 174]
	[262, 174]
	[262, 175]
	[262, 175]
	[262, 176]
	[262, 176]
	[262, 176]
	[262, 177]
	[262, 177]
	[262, 177]
	[263, 173]
	[263, 173]
	[263, 173]
	[263, 174]
	[263, 174]
	[263, 174]
	[263, 175]
	[263, 175]
	[263, 175]
	[263, 176]
	[263, 176]
	[263, 176]
	[263, 176]
	[263, 176]
	[263, 177]
	[264, 173]
	[264, 174]
	[264, 174]
	[264, 174]
	[264, 175]
	[264, 176]
	[264, 177]
	[264, 177]
Query: (90, 94, 284, 288)
	[90, 284]
	[90, 285]
	[90, 285]
	[90, 287]
	[90, 287]
	[90, 288]
	[90, 288]
	[91, 284]
	[91, 284]
	[91, 284]
	[91, 284]
	[91, 285]
	[91, 286]
	[91, 288]
	[91, 288]
	[92, 285]
	[92, 286]
	[92, 286]
	[92, 286]
	[92, 287]
	[92, 287]
	[92, 288]
	[93, 284]
	[93, 284]
	[93, 284]
	[93, 286]
	[93, 286]
	[93, 287]
	[93, 287]
	[93, 288]
	[93, 288]
	[93, 288]
	[94, 284]
	[94, 284]
	[94, 286]
	[94, 286]
	[94, 286]
	[94, 286]
	[94, 287]
	[94, 287]
	[94, 287]
Query: (855, 859, 202, 206)
	[855, 202]
	[855, 202]
	[855, 202]
	[855, 203]
	[855, 204]
	[855, 204]
	[855, 205]
	[855, 205]
	[855, 206]
	[855, 206]
	[856, 202]
	[856, 202]
	[856, 205]
	[856, 205]
	[856, 206]
	[856, 206]
	[857, 202]
	[857, 203]
	[857, 204]
	[857, 204]
	[857, 204]
	[857, 205]
	[857, 205]
	[857, 205]
	[858, 202]
	[858, 202]
	[858, 202]
	[858, 202]
	[858, 203]
	[858, 203]
	[858, 204]
	[858, 206]
	[859, 202]
	[859, 203]
	[859, 203]
	[859, 203]
	[859, 204]
	[859, 205]
	[859, 206]
Query: (596, 600, 199, 203)
	[596, 199]
	[596, 200]
	[596, 201]
	[596, 201]
	[596, 202]
	[596, 202]
	[596, 203]
	[596, 203]
	[596, 203]
	[597, 199]
	[597, 199]
	[597, 199]
	[597, 199]
	[597, 199]
	[597, 199]
	[597, 200]
	[597, 200]
	[597, 200]
	[597, 200]
	[597, 201]
	[597, 202]
	[597, 202]
	[597, 202]
	[597, 203]
	[597, 203]
	[597, 203]
	[598, 199]
	[598, 200]
	[598, 200]
	[598, 200]
	[598, 200]
	[598, 200]
	[598, 201]
	[598, 202]
	[598, 203]
	[598, 203]
	[598, 203]
	[598, 203]
	[599, 199]
	[599, 200]
	[599, 201]
	[599, 201]
	[599, 201]
	[599, 201]
	[599, 201]
	[600, 199]
	[600, 199]
	[600, 199]
	[600, 200]
	[600, 200]
	[600, 200]
	[600, 201]
	[600, 202]
	[600, 202]
Query: (967, 971, 333, 337)
	[967, 335]
	[967, 335]
	[967, 335]
	[967, 335]
	[967, 336]
	[967, 336]
	[967, 337]
	[968, 333]
	[968, 333]
	[968, 333]
	[968, 335]
	[968, 336]
	[968, 337]
	[968, 337]
	[969, 334]
	[969, 337]
	[970, 333]
	[970, 333]
	[970, 333]
	[970, 333]
	[970, 334]
	[970, 336]
	[970, 336]
	[970, 337]
	[970, 337]
	[971, 333]
	[971, 335]
	[971, 335]
	[971, 336]
	[971, 337]
	[971, 337]
Query: (62, 66, 898, 902)
	[62, 898]
	[62, 899]
	[62, 900]
	[62, 901]
	[62, 901]
	[62, 902]
	[63, 899]
	[63, 899]
	[63, 900]
	[63, 900]
	[63, 901]
	[63, 901]
	[63, 902]
	[63, 902]
	[64, 898]
	[64, 898]
	[64, 898]
	[64, 898]
	[64, 899]
	[64, 899]
	[64, 900]
	[64, 900]
	[64, 901]
	[64, 901]
	[64, 902]
	[64, 902]
	[65, 898]
	[65, 899]
	[65, 900]
	[65, 900]
	[65, 900]
	[65, 900]
	[65, 901]
	[65, 901]
	[65, 901]
	[65, 902]
	[65, 902]
	[65, 902]
	[66, 898]
	[66, 898]
	[66, 898]
	[66, 898]
	[66, 899]
	[66, 899]
	[66, 899]
	[66, 900]
	[66, 900]
	[66, 902]
	[66, 902]
	[66, 902]
	[66, 902]
Query: (596, 600, 481, 485)
	[596, 481]
	[596, 481]
	[596, 481]
	[596, 482]
	[596, 482]
	[596, 482]
	[596, 483]
	[596, 484]
	[596, 485]
	[597, 481]
	[597, 481]
	[597, 481]
	[597, 482]
	[597, 482]
	[597, 482]
	[597, 483]
	[597, 484]
	[597, 484]
	[597, 485]
	[597, 485]
	[597, 485]
	[597, 485]
	[597, 485]
	[598, 481]
	[598, 481]
	[598, 482]
	[598, 482]
	[598, 482]
	[598, 483]
	[598, 483]
	[598, 483]
	[598, 484]
	[598, 484]
	[598, 485]
	[599, 481]
	[599, 481]
	[599, 481]
	[599, 481]
	[599, 482]
	[599, 483]
	[599, 483]
	[599, 483]
	[599, 484]
	[599, 484]
	[599, 484]
	[599, 485]
	[599, 485]
	[599, 485]
	[600, 481]
	[600, 481]
	[600, 481]
	[600, 481]
	[600, 482]
	[600, 483]
	[600, 483]
	[600, 484]
	[600, 485]
Query: (291, 295, 412, 416)
	[291, 412]
	[291, 412]
	[291, 412]
	[291, 412]
	[291, 412]
	[291, 415]
	[291, 415]
	[291, 416]
	[291, 416]
	[292, 412]
	[292, 413]
	[292, 413]
	[292, 413]
	[292, 414]
	[292, 415]
	[292, 416]
	[292, 416]
	[293, 412]
	[293, 413]
	[293, 413]
	[293, 414]
	[293, 414]
	[293, 414]
	[293, 415]
	[293, 416]
	[293, 416]
	[294, 412]
	[294, 412]
	[294, 413]
	[294, 413]
	[294, 413]
	[294, 414]
	[294, 415]
	[294, 415]
	[294, 415]
	[294, 415]
	[294, 416]
	[294, 416]
	[295, 413]
	[295, 413]
	[295, 413]
	[295, 413]
	[295, 413]
	[295, 414]
	[295, 415]
	[295, 416]
Query: (844, 848, 183, 187)
	[844, 183]
	[844, 183]
	[844, 185]
	[844, 185]
	[844, 185]
	[844, 185]
	[844, 185]
	[844, 186]
	[844, 186]
	[844, 186]
	[844, 187]
	[845, 183]
	[845, 183]
	[845, 184]
	[845, 184]
	[845, 184]
	[845, 184]
	[845, 185]
	[845, 185]
	[845, 186]
	[845, 186]
	[845, 187]
	[846, 183]
	[846, 183]
	[846, 183]
	[846, 184]
	[846, 186]
	[846, 186]
	[846, 186]
	[846, 187]
	[846, 187]
	[846, 187]
	[847, 183]
	[847, 183]
	[847, 184]
	[847, 184]
	[847, 185]
	[847, 185]
	[847, 186]
	[847, 186]
	[847, 186]
	[847, 187]
	[848, 183]
	[848, 183]
	[848, 184]
	[848, 184]
	[848, 184]
	[848, 185]
	[848, 186]
	[848, 186]
	[848, 186]
	[848, 187]
Query: (195, 199, 988, 992)
	[195, 988]
	[195, 990]
	[195, 991]
	[195, 992]
	[196, 988]
	[196, 988]
	[196, 988]
	[196, 988]
	[196, 989]
	[196, 989]
	[196, 990]
	[196, 991]
	[196, 992]
	[196, 992]
	[197, 988]
	[197, 988]
	[197, 989]
	[197, 990]
	[197, 990]
	[197, 990]
	[197, 991]
	[197, 991]
	[198, 988]
	[198, 988]
	[198, 989]
	[198, 990]
	[198, 992]
	[198, 992]
	[198, 992]
	[198, 992]
	[198, 992]
	[199, 988]
	[199, 988]
	[199, 988]
	[199, 988]
	[199, 990]
	[199, 990]
	[199, 992]
Query: (451, 455, 416, 420)
	[451, 416]
	[451, 416]
	[451, 416]
	[451, 416]
	[451, 417]
	[451, 419]
	[451, 419]
	[451, 419]
	[451, 420]
	[451, 420]
	[451, 420]
	[452, 416]
	[452, 418]
	[452, 418]
	[452, 418]
	[452, 419]
	[452, 419]
	[452, 420]
	[452, 420]
	[452, 420]
	[453, 416]
	[453, 416]
	[453, 416]
	[453, 417]
	[453, 418]
	[453, 419]
	[454, 416]
	[454, 416]
	[454, 416]
	[454, 416]
	[454, 417]
	[454, 418]
	[454, 418]
	[454, 418]
	[454, 420]
	[455, 416]
	[455, 416]
	[455, 416]
	[455, 417]
	[455, 417]
	[455, 417]
	[455, 418]
	[455, 418]
	[455, 418]
	[455, 419]
	[455, 419]
	[455, 419]
	[455, 420]
	[455, 420]
	[455, 420]
	[455, 420]
Query: (401, 405, 861, 865)
	[401, 861]
	[401, 861]
	[401, 862]
	[401, 862]
	[401, 863]
	[401, 863]
	[401, 864]
	[401, 865]
	[402, 861]
	[402, 861]
	[402, 862]
	[402, 863]
	[402, 863]
	[402, 863]
	[402, 864]
	[402, 864]
	[402, 864]
	[402, 865]
	[403, 861]
	[403, 862]
	[403, 862]
	[403, 862]
	[403, 863]
	[403, 864]
	[403, 865]
	[404, 861]
	[404, 861]
	[404, 862]
	[404, 862]
	[404, 862]
	[404, 862]
	[404, 862]
	[404, 863]
	[404, 863]
	[404, 864]
	[404, 864]
	[404, 864]
	[404, 865]
	[404, 865]
	[404, 865]
	[404, 865]
	[405, 861]
	[405, 862]
	[405, 862]
	[405, 863]
	[405, 863]
	[405, 863]
	[405, 864]
	[405, 864]
	[405, 865]
Query: (843, 847, 628, 632)
	[843, 628]
	[843, 629]
	[843, 629]
	[843, 629]
	[843, 631]
	[843, 631]
	[843, 631]
	[843, 631]
	[843, 632]
	[844, 628]
	[844, 628]
	[844, 630]
	[844, 630]
	[844, 632]
	[844, 632]
	[844, 632]
	[844, 632]
	[844, 632]
	[845, 629]
	[845, 630]
	[845, 630]
	[845, 630]
	[845, 630]
	[845, 630]
	[845, 631]
	[845, 631]
	[845, 631]
	[845, 631]
	[845, 631]
	[845, 632]
	[846, 630]
	[846, 631]
	[846, 632]
	[846, 632]
	[847, 628]
	[847, 628]
	[847, 629]
	[847, 629]
	[847, 630]
	[847, 631]
	[847, 631]
	[847, 631]
	[847, 631]
	[847, 631]
	[847, 631]
	[847, 632]
	[847, 632]
	[847, 632]
	[847, 632]
Query: (690, 694, 384, 388)
	[690, 384]
	[690, 384]
	[690, 384]
	[690, 386]
	[690, 386]
	[690, 387]
	[690, 388]
	[691, 384]
	[691, 384]
	[691, 384]
	[691, 384]
	[691, 384]
	[691, 384]
	[691, 385]
	[691, 385]
	[691, 386]
	[691, 386]
	[691, 386]
	[691, 387]
	[691, 388]
	[691, 388]
	[691, 388]
	[691, 388]
	[692, 384]
	[692, 385]
	[692, 386]
	[692, 387]
	[692, 388]
	[692, 388]
	[692, 388]
	[693, 384]
	[693, 384]
	[693, 384]
	[693, 384]
	[693, 386]
	[693, 386]
	[693, 388]
	[693, 388]
	[694, 386]
	[694, 386]
	[694, 386]
	[694, 388]
	[694, 388]
	[694, 388]
	[694, 388]
Query: (212, 216, 895, 899)
	[212, 895]
	[212, 895]
	[212, 895]
	[212, 896]
	[212, 897]
	[212, 897]
	[212, 897]
	[212, 898]
	[212, 899]
	[212, 899]
	[213, 895]
	[213, 895]
	[213, 895]
	[213, 895]
	[213, 895]
	[213, 896]
	[213, 896]
	[213, 896]
	[213, 896]
	[213, 897]
	[213, 898]
	[213, 898]
	[213, 899]
	[213, 899]
	[214, 895]
	[214, 896]
	[214, 896]
	[214, 897]
	[214, 897]
	[214, 897]
	[214, 898]
	[214, 899]
	[214, 899]
	[214, 899]
	[214, 899]
	[214, 899]
	[214, 899]
	[215, 895]
	[215, 895]
	[215, 895]
	[215, 896]
	[215, 897]
	[215, 897]
	[215, 897]
	[215, 899]
	[216, 895]
	[216, 895]
	[216, 895]
	[216, 896]
	[216, 897]
	[216, 897]
	[216, 897]
	[216, 897]
	[216, 898]
	[216, 899]
	[216, 899]
	[216, 899]
Query: (324, 328, 801, 805)
	[324, 801]
	[324, 801]
	[324, 802]
	[324, 802]
	[324, 803]
	[324, 805]
	[324, 805]
	[325, 801]
	[325, 802]
	[325, 803]
	[325, 803]
	[325, 803]
	[325, 804]
	[325, 804]
	[325, 804]
	[325, 805]
	[325, 805]
	[325, 805]
	[326, 801]
	[326, 801]
	[326, 802]
	[326, 802]
	[326, 803]
	[326, 804]
	[326, 804]
	[326, 804]
	[326, 805]
	[327, 801]
	[327, 801]
	[327, 802]
	[327, 802]
	[327, 802]
	[327, 802]
	[327, 803]
	[327, 803]
	[327, 803]
	[327, 804]
	[327, 804]
	[327, 805]
	[328, 801]
	[328, 802]
	[328, 802]
	[328, 804]
	[328, 804]
	[328, 804]
	[328, 805]
Query: (136, 140, 474, 478)
	[136, 474]
	[136, 475]
	[136, 476]
	[136, 476]
	[136, 477]
	[136, 477]
	[136, 477]
	[136, 478]
	[137, 474]
	[137, 474]
	[137, 475]
	[137, 477]
	[137, 478]
	[137, 478]
	[137, 478]
	[138, 474]
	[138, 475]
	[138, 475]
	[138, 475]
	[138, 476]
	[138, 476]
	[138, 476]
	[138, 478]
	[139, 475]
	[139, 477]
	[139, 478]
	[139, 478]
	[139, 478]
	[140, 474]
	[140, 474]
	[140, 474]
	[140, 474]
	[140, 474]
	[140, 474]
	[140, 474]
	[140, 475]
	[140, 475]
	[140, 475]
	[140, 476]
	[140, 476]
	[140, 476]
	[140, 477]
	[140, 477]
	[140, 477]
	[140, 478]
Query: (685, 689, 830, 834)
	[685, 830]
	[685, 830]
	[685, 830]
	[685, 832]
	[685, 832]
	[685, 832]
	[685, 833]
	[685, 833]
	[685, 833]
	[685, 833]
	[685, 833]
	[685, 834]
	[685, 834]
	[685, 834]
	[686, 830]
	[686, 830]
	[686, 830]
	[686, 830]
	[686, 832]
	[686, 834]
	[686, 834]
	[686, 834]
	[686, 834]
	[687, 830]
	[687, 830]
	[687, 830]
	[687, 831]
	[687, 831]
	[687, 832]
	[687, 832]
	[687, 833]
	[687, 834]
	[687, 834]
	[687, 834]
	[688, 830]
	[688, 830]
	[688, 830]
	[688, 831]
	[688, 831]
	[688, 831]
	[688, 832]
	[688, 832]
	[688, 833]
	[688, 833]
	[688, 833]
	[688, 834]
	[689, 830]
	[689, 830]
	[689, 831]
	[689, 831]
	[689, 832]
	[689, 832]
	[689, 833]
	[689, 833]
	[689, 833]
	[689, 833]
	[689, 834]
	[689, 834]
	[689, 834]
Query: (582, 586, 916, 920)
	[582, 916]
	[582, 916]
	[582, 917]
	[582, 917]
	[582, 917]
	[582, 918]
	[582, 918]
	[582, 918]
	[582, 918]
	[582, 918]
	[582, 918]
	[582, 919]
	[582, 919]
	[582, 920]
	[583, 916]
	[583, 916]
	[583, 919]
	[583, 919]
	[583, 920]
	[583, 920]
	[584, 916]
	[584, 916]
	[584, 916]
	[584, 917]
	[584, 919]
	[584, 920]
	[585, 916]
	[585, 916]
	[585, 917]
	[585, 918]
	[585, 918]
	[585, 919]
	[585, 920]
	[586, 916]
	[586, 916]
	[586, 916]
	[586, 916]
	[586, 917]
	[586, 917]
	[586, 917]
	[586, 918]
	[586, 918]
	[586, 919]
	[586, 920]
	[586, 920]
Query: (173, 177, 438, 442)
	[173, 438]
	[173, 438]
	[173, 438]
	[173, 440]
	[173, 441]
	[173, 441]
	[173, 442]
	[173, 442]
	[173, 442]
	[174, 438]
	[174, 438]
	[174, 438]
	[174, 438]
	[174, 439]
	[174, 440]
	[174, 441]
	[174, 441]
	[174, 442]
	[174, 442]
	[174, 442]
	[175, 438]
	[175, 438]
	[175, 438]
	[175, 440]
	[175, 441]
	[175, 441]
	[175, 442]
	[175, 442]
	[176, 438]
	[176, 438]
	[176, 439]
	[176, 439]
	[176, 440]
	[176, 440]
	[176, 442]
	[177, 438]
	[177, 439]
	[177, 439]
	[177, 439]
	[177, 440]
	[177, 440]
	[177, 441]
	[177, 441]
	[177, 441]
Query: (151, 155, 341, 345)
	[151, 341]
	[151, 343]
	[151, 343]
	[151, 344]
	[151, 345]
	[152, 342]
	[152, 342]
	[152, 343]
	[152, 344]
	[152, 345]
	[152, 345]
	[153, 341]
	[153, 342]
	[153, 343]
	[153, 344]
	[153, 344]
	[153, 345]
	[154, 341]
	[154, 341]
	[154, 343]
	[154, 343]
	[154, 343]
	[154, 343]
	[154, 344]
	[154, 345]
	[154, 345]
	[154, 345]
	[155, 341]
	[155, 342]
	[155, 342]
	[155, 343]
	[155, 343]
	[155, 344]
	[155, 345]
	[155, 345]
	[155, 345]
Query: (486, 490, 609, 613)
	[486, 609]
	[486, 609]
	[486, 609]
	[486, 610]
	[486, 610]
	[486, 611]
	[486, 611]
	[486, 612]
	[486, 612]
	[486, 612]
	[486, 613]
	[487, 609]
	[487, 609]
	[487, 609]
	[487, 610]
	[487, 610]
	[487, 611]
	[487, 611]
	[487, 611]
	[487, 611]
	[487, 612]
	[487, 612]
	[487, 612]
	[487, 612]
	[487, 613]
	[487, 613]
	[488, 609]
	[488, 609]
	[488, 610]
	[488, 610]
	[488, 611]
	[488, 611]
	[488, 611]
	[488, 612]
	[488, 612]
	[488, 612]
	[488, 612]
	[488, 613]
	[489, 609]
	[489, 609]
	[489, 609]
	[489, 609]
	[489, 610]
	[489, 610]
	[489, 610]
	[489, 612]
	[489, 612]
	[489, 613]
	[489, 613]
	[490, 609]
	[490, 609]
	[490, 609]
	[490, 610]
	[490, 610]
	[490, 612]
	[490, 613]
	[490, 613]
	[490, 613]
Query: (926, 930, 920, 924)
	[926, 920]
	[926, 920]
	[926, 920]
	[926, 921]
	[926, 922]
	[926, 922]
	[926, 923]
	[926, 923]
	[926, 923]
	[927, 920]
	[927, 920]
	[927, 922]
	[927, 922]
	[927, 922]
	[927, 923]
	[927, 923]
	[927, 923]
	[927, 924]
	[927, 924]
	[927, 924]
	[928, 920]
	[928, 921]
	[928, 921]
	[928, 921]
	[928, 921]
	[928, 922]
	[928, 924]
	[928, 924]
	[928, 924]
	[929, 920]
	[929, 920]
	[929, 921]
	[929, 922]
	[929, 923]
	[929, 923]
	[929, 923]
	[929, 923]
	[929, 924]
	[930, 920]
	[930, 920]
	[930, 920]
	[930, 922]
	[930, 923]
	[930, 923]
	[930, 923]
Query: (563, 567, 716, 720)
	[563, 716]
	[563, 716]
	[563, 716]
	[563, 716]
	[563, 717]
	[563, 717]
	[563, 717]
	[563, 718]
	[563, 718]
	[563, 719]
	[563, 719]
	[564, 716]
	[564, 718]
	[564, 718]
	[564, 718]
	[564, 718]
	[564, 718]
	[564, 719]
	[564, 719]
	[564, 720]
	[565, 716]
	[565, 716]
	[565, 716]
	[565, 717]
	[565, 717]
	[565, 717]
	[565, 717]
	[565, 718]
	[565, 718]
	[565, 719]
	[565, 719]
	[565, 720]
	[565, 720]
	[566, 716]
	[566, 717]
	[566, 717]
	[566, 717]
	[566, 718]
	[566, 719]
	[566, 719]
	[567, 716]
	[567, 716]
	[567, 716]
	[567, 716]
	[567, 717]
	[567, 717]
	[567, 717]
	[567, 717]
	[567, 717]
	[567, 717]
	[567, 718]
	[567, 719]
	[567, 719]
	[567, 720]
	[567, 720]
Query: (34, 38, 385, 389)
	[34, 386]
	[34, 386]
	[34, 388]
	[34, 388]
	[34, 389]
	[34, 389]
	[34, 389]
	[34, 389]
	[35, 386]
	[35, 387]
	[35, 387]
	[35, 388]
	[35, 389]
	[35, 389]
	[36, 385]
	[36, 385]
	[36, 386]
	[36, 386]
	[36, 387]
	[36, 388]
	[36, 389]
	[36, 389]
	[37, 385]
	[37, 385]
	[37, 386]
	[37, 387]
	[37, 387]
	[37, 387]
	[37, 387]
	[37, 387]
	[37, 388]
	[37, 388]
	[37, 389]
	[37, 389]
	[38, 385]
	[38, 386]
	[38, 387]
	[38, 387]
	[38, 387]
	[38, 388]
	[38, 388]
	[38, 388]
	[38, 389]
	[38, 389]
	[38, 389]
Query: (55, 59, 750, 754)
	[55, 752]
	[55, 753]
	[55, 753]
	[55, 754]
	[55, 754]
	[55, 754]
	[56, 750]
	[56, 750]
	[56, 751]
	[56, 751]
	[56, 752]
	[56, 752]
	[56, 752]
	[56, 753]
	[56, 754]
	[56, 754]
	[56, 754]
	[57, 750]
	[57, 750]
	[57, 752]
	[57, 752]
	[57, 752]
	[57, 753]
	[57, 753]
	[57, 754]
	[58, 750]
	[58, 750]
	[58, 750]
	[58, 752]
	[58, 752]
	[58, 752]
	[58, 752]
	[58, 753]
	[58, 754]
	[59, 750]
	[59, 751]
	[59, 752]
	[59, 752]
	[59, 752]
	[59, 753]
Query: (821, 825, 973, 977)
	[821, 973]
	[821, 974]
	[821, 974]
	[821, 974]
	[821, 975]
	[821, 975]
	[821, 976]
	[821, 976]
	[821, 977]
	[822, 973]
	[822, 973]
	[822, 974]
	[822, 975]
	[822, 975]
	[822, 975]
	[822, 976]
	[822, 977]
	[823, 973]
	[823, 973]
	[823, 973]
	[823, 974]
	[823, 974]
	[823, 975]
	[823, 975]
	[823, 975]
	[823, 976]
	[823, 976]
	[824, 973]
	[824, 973]
	[824, 974]
	[824, 975]
	[824, 976]
	[824, 976]
	[824, 976]
	[824, 976]
	[824, 976]
	[824, 977]
	[825, 974]
	[825, 974]
	[825, 974]
	[825, 975]
	[825, 975]
	[825, 975]
	[825, 975]
	[825, 976]
	[825, 976]
	[825, 976]
	[825, 977]
	[825, 977]
Query: (460, 464, 554, 558)
	[460, 554]
	[460, 554]
	[460, 554]
	[460, 556]
	[460, 557]
	[461, 554]
	[461, 554]
	[461, 554]
	[461, 554]
	[461, 555]
	[461, 555]
	[461, 555]
	[461, 556]
	[461, 556]
	[461, 556]
	[461, 556]
	[461, 557]
	[461, 557]
	[461, 557]
	[461, 558]
	[461, 558]
	[461, 558]
	[462, 554]
	[462, 554]
	[462, 555]
	[462, 557]
	[462, 558]
	[462, 558]
	[462, 558]
	[463, 557]
	[463, 557]
	[463, 557]
	[463, 558]
	[463, 558]
	[464, 555]
	[464, 555]
	[464, 555]
	[464, 556]
	[464, 557]
	[464, 557]
	[464, 558]
Query: (390, 394, 551, 555)
	[390, 551]
	[390, 553]
	[390, 555]
	[391, 551]
	[391, 551]
	[391, 551]
	[391, 552]
	[391, 552]
	[391, 554]
	[391, 555]
	[392, 551]
	[392, 551]
	[392, 552]
	[392, 552]
	[392, 555]
	[392, 555]
	[392, 555]
	[392, 555]
	[392, 555]
	[393, 551]
	[393, 552]
	[393, 552]
	[393, 554]
	[393, 554]
	[393, 555]
	[393, 555]
	[393, 555]
	[393, 555]
	[394, 551]
	[394, 551]
	[394, 552]
	[394, 552]
	[394, 553]
	[394, 553]
	[394, 554]
	[394, 555]
Query: (805, 809, 317, 321)
	[805, 317]
	[805, 317]
	[805, 318]
	[805, 318]
	[805, 319]
	[805, 319]
	[805, 319]
	[805, 319]
	[805, 321]
	[805, 321]
	[805, 321]
	[806, 318]
	[806, 318]
	[806, 319]
	[806, 319]
	[806, 320]
	[806, 320]
	[806, 321]
	[807, 317]
	[807, 317]
	[807, 318]
	[807, 318]
	[807, 318]
	[807, 319]
	[807, 319]
	[807, 319]
	[807, 319]
	[807, 319]
	[807, 320]
	[807, 321]
	[807, 321]
	[807, 321]
	[808, 317]
	[808, 317]
	[808, 318]
	[808, 319]
	[808, 319]
	[808, 319]
	[808, 321]
	[809, 317]
	[809, 317]
	[809, 318]
	[809, 319]
	[809, 321]
Query: (372, 376, 73, 77)
	[372, 73]
	[372, 75]
	[372, 75]
	[372, 75]
	[372, 75]
	[372, 76]
	[372, 76]
	[372, 76]
	[372, 76]
	[372, 76]
	[372, 77]
	[373, 73]
	[373, 73]
	[373, 73]
	[373, 74]
	[373, 74]
	[373, 75]
	[373, 75]
	[373, 76]
	[373, 76]
	[373, 77]
	[374, 73]
	[374, 73]
	[374, 74]
	[374, 74]
	[374, 75]
	[374, 75]
	[374, 76]
	[374, 76]
	[374, 76]
	[374, 77]
	[375, 73]
	[375, 73]
	[375, 74]
	[375, 75]
	[375, 75]
	[375, 75]
	[375, 76]
	[375, 76]
	[375, 76]
	[375, 77]
	[375, 77]
	[376, 73]
	[376, 74]
	[376, 74]
	[376, 74]
	[376, 74]
	[376, 74]
	[376, 74]
	[376, 75]
	[376, 76]
	[376, 76]
	[376, 76]
	[376, 77]
	[376, 77]
Query: (543, 547, 186, 190)
	[543, 186]
	[543, 188]
	[543, 189]
	[543, 189]
	[543, 190]
	[543, 190]
	[543, 190]
	[544, 186]
	[544, 186]
	[544, 187]
	[544, 187]
	[544, 187]
	[544, 187]
	[544, 189]
	[544, 190]
	[544, 190]
	[545, 186]
	[545, 186]
	[545, 186]
	[545, 186]
	[545, 187]
	[545, 187]
	[545, 188]
	[545, 188]
	[545, 189]
	[545, 189]
	[545, 189]
	[545, 190]
	[546, 186]
	[546, 187]
	[546, 187]
	[546, 187]
	[546, 187]
	[546, 187]
	[546, 188]
	[547, 186]
	[547, 186]
	[547, 186]
	[547, 186]
	[547, 188]
	[547, 188]
	[547, 188]
	[547, 189]
	[547, 190]
	[547, 190]
	[547, 190]
	[547, 190]
	[547, 190]
Query: (726, 730, 95, 99)
	[726, 96]
	[726, 97]
	[726, 97]
	[726, 97]
	[726, 98]
	[726, 98]
	[726, 99]
	[726, 99]
	[726, 99]
	[726, 99]
	[727, 95]
	[727, 96]
	[727, 96]
	[727, 96]
	[727, 97]
	[727, 98]
	[727, 99]
	[727, 99]
	[728, 95]
	[728, 97]
	[728, 98]
	[728, 99]
	[728, 99]
	[729, 95]
	[729, 96]
	[729, 96]
	[729, 97]
	[729, 97]
	[729, 97]
	[729, 98]
	[729, 98]
	[729, 98]
	[729, 99]
	[729, 99]
	[730, 95]
	[730, 95]
	[730, 96]
	[730, 97]
	[730, 97]
	[730, 97]
	[730, 97]
	[730, 98]
	[730, 98]
	[730, 98]
	[730, 98]
	[730, 99]
Query: (889, 893, 473, 477)
	[889, 473]
	[889, 474]
	[889, 475]
	[889, 475]
	[889, 476]
	[889, 476]
	[889, 476]
	[889, 476]
	[889, 476]
	[889, 477]
	[889, 477]
	[890, 473]
	[890, 473]
	[890, 473]
	[890, 475]
	[890, 475]
	[890, 476]
	[890, 477]
	[891, 474]
	[891, 474]
	[891, 476]
	[891, 476]
	[892, 474]
	[892, 475]
	[892, 476]
	[892, 477]
	[892, 477]
	[892, 477]
	[892, 477]
	[892, 477]
	[892, 477]
	[893, 473]
	[893, 473]
	[893, 473]
	[893, 473]
	[893, 474]
	[893, 476]
	[893, 476]
	[893, 476]
	[893, 477]
	[893, 477]
	[893, 477]
	[893, 477]
	[893, 477]
	[893, 477]
Query: (335, 339, 10, 14)
	[335, 10]
	[335, 10]
	[335, 11]
	[335, 11]
	[335, 12]
	[335, 12]
	[335, 13]
	[335, 14]
	[336, 10]
	[336, 10]
	[336, 11]
	[336, 11]
	[336, 12]
	[336, 13]
	[336, 13]
	[336, 13]
	[336, 14]
	[336, 14]
	[336, 14]
	[337, 10]
	[337, 10]
	[337, 10]
	[337, 10]
	[337, 11]
	[337, 11]
	[337, 12]
	[337, 13]
	[337, 14]
	[338, 10]
	[338, 10]
	[338, 10]
	[338, 12]
	[338, 13]
	[338, 13]
	[338, 13]
	[338, 13]
	[338, 14]
	[338, 14]
	[338, 14]
	[339, 10]
	[339, 11]
	[339, 11]
	[339, 11]
	[339, 12]
	[339, 12]
	[339, 13]
	[339, 14]
	[339, 14]
	[339, 14]
Query: (663, 667, 933, 937)
	[663, 933]
	[663, 933]
	[663, 935]
	[663, 937]
	[664, 934]
	[664, 934]
	[664, 935]
	[664, 935]
	[664, 935]
	[664, 935]
	[664, 935]
	[664, 936]
	[664, 937]
	[664, 937]
	[665, 933]
	[665, 934]
	[665, 936]
	[665, 936]
	[665, 936]
	[665, 937]
	[665, 937]
	[666, 933]
	[666, 933]
	[666, 934]
	[666, 934]
	[666, 934]
	[666, 934]
	[666, 935]
	[666, 936]
	[666, 937]
	[666, 937]
	[667, 933]
	[667, 933]
	[667, 934]
	[667, 934]
	[667, 935]
	[667, 935]
	[667, 936]
	[667, 936]
	[667, 936]
	[667, 936]
	[667, 936]
	[667, 936]
	[667, 937]
	[667, 937]
Query: (994, 998, 656, 660)
	[994, 657]
	[994, 657]
	[994, 657]
	[994, 657]
	[994, 658]
	[994, 658]
	[994, 658]
	[994, 659]
	[994, 659]
	[994, 660]
	[994, 660]
	[994, 660]
	[995, 656]
	[995, 656]
	[995, 656]
	[995, 656]
	[995, 657]
	[995, 657]
	[995, 658]
	[995, 658]
	[995, 659]
	[995, 659]
	[995, 660]
	[995, 660]
	[995, 660]
	[996, 657]
	[996, 657]
	[996, 658]
	[996, 659]
	[996, 659]
	[996, 659]
	[996, 660]
	[996, 660]
	[996, 660]
	[997, 656]
	[997, 657]
	[997, 658]
	[997, 658]
	[997, 658]
	[997, 658]
	[998, 656]
	[998, 658]
	[998, 658]
	[998, 658]
	[998, 658]
	[998, 658]
	[998, 659]
	[998, 659]
Query: (77, 81, 1, 5)
	[77, 1]
	[77, 1]
	[77, 1]
	[77, 1]
	[77, 2]
	[77, 2]
	[77, 2]
	[77, 3]
	[77, 4]
	[77, 5]
	[77, 5]
	[77, 5]
	[78, 1]
	[78, 2]
	[78, 2]
	[78, 4]
	[78, 4]
	[78, 4]
	[78, 5]
	[78, 5]
	[78, 5]
	[79, 1]
	[79, 1]
	[79, 1]
	[79, 1]
	[79, 2]
	[79, 3]
	[79, 3]
	[79, 4]
	[79, 4]
	[79, 5]
	[80, 1]
	[80, 1]
	[80, 2]
	[80, 2]
	[80, 2]
	[80, 3]
	[80, 3]
	[80, 3]
	[80, 4]
	[80, 4]
	[80, 4]
	[80, 4]
	[80, 5]
	[80, 5]
	[81, 1]
	[81, 1]
	[81, 1]
	[81, 3]
	[81, 3]
	[81, 4]
	[81, 4]
Query: (599, 603, 31, 35)
	[599, 32]
	[599, 32]
	[599, 33]
	[599, 33]
	[599, 34]
	[599, 35]
	[599, 35]
	[599, 35]
	[599, 35]
	[600, 31]
	[600, 31]
	[600, 34]
	[600, 35]
	[601, 31]
	[601, 31]
	[601, 32]
	[601, 32]
	[601, 32]
	[601, 32]
	[601, 34]
	[601, 35]
	[601, 35]
	[601, 35]
	[601, 35]
	[602, 31]
	[602, 31]
	[602, 32]
	[602, 32]
	[602, 33]
	[602, 33]
	[602, 33]
	[602, 33]
	[602, 33]
	[602, 33]
	[602, 34]
	[602, 34]
	[602, 35]
	[602, 35]
	[603, 31]
	[603, 31]
	[603, 32]
	[603, 32]
	[603, 33]
	[603, 33]
	[603, 33]
	[603, 33]
	[603, 33]
	[603, 35]
	[603, 35]
Query: (422, 426, 213, 217)
	[422, 213]
	[422, 213]
	[422, 214]
	[422, 214]
	[422, 215]
	[422, 216]
	[422, 217]
	[422, 217]
	[422, 217]
	[422, 217]
	[423, 213]
	[423, 214]
	[423, 215]
	[423, 215]
	[423, 216]
	[423, 216]
	[424, 213]
	[424, 213]
	[424, 213]
	[424, 214]
	[424, 215]
	[424, 216]
	[424, 216]
	[424, 216]
	[425, 213]
	[425, 213]
	[425, 213]
	[425, 214]
	[425, 215]
	[425, 215]
	[425, 216]
	[425, 217]
	[425, 217]
	[425, 217]
	[425, 217]
	[426, 213]
	[426, 213]
	[426, 213]
	[426, 214]
	[426, 215]
	[426, 216]
	[426, 216]
	[426, 217]
	[426, 217]
	[426, 217]
Query: (315, 319, 464, 468)
	[315, 464]
	[315, 464]
	[315, 464]
	[315, 465]
	[315, 465]
	[315, 465]
	[315, 466]
	[315, 468]
	[315, 468]
	[316, 464]
	[316, 465]
	[316, 465]
	[316, 465]
	[316, 466]
	[316, 466]
	[316, 467]
	[316, 467]
	[316, 467]
	[316, 467]
	[316, 467]
	[316, 468]
	[316, 468]
	[316, 468]
	[316, 468]
	[317, 466]
	[317, 466]
	[317, 466]
	[317, 466]
	[317, 467]
	[317, 467]
	[317, 467]
	[317, 468]
	[317, 468]
	[317, 468]
	[318, 464]
	[318, 464]
	[318, 464]
	[318, 466]
	[318, 466]
	[318, 467]
	[318, 467]
	[318, 468]
	[318, 468]
	[319, 466]
	[319, 466]
	[319, 466]
	[319, 467]
	[319, 468]
	[319, 468]
Query: (269, 273, 130, 134)
	[269, 130]
	[269, 130]
	[269, 131]
	[269, 132]
	[269, 132]
	[269, 132]
	[269, 132]
	[269, 132]
	[269, 133]
	[269, 133]
	[269, 134]
	[269, 134]
	[269, 134]
	[269, 134]
	[269, 134]
	[269, 134]
	[270, 131]
	[270, 131]
	[270, 131]
	[270, 132]
	[270, 133]
	[270, 133]
	[270, 133]
	[270, 133]
	[270, 134]
	[270, 134]
	[270, 134]
	[271, 130]
	[271, 130]
	[271, 130]
	[271, 131]
	[271, 131]
	[271, 131]
	[271, 132]
	[271, 132]
	[271, 132]
	[271, 132]
	[271, 133]
	[271, 133]
	[272, 130]
	[272, 131]
	[273, 130]
	[273, 131]
	[273, 131]
	[273, 131]
	[273, 131]
	[273, 131]
	[273, 132]
	[273, 133]
	[273, 134]
	[273, 134]
	[273, 134]
Query: (774, 778, 9, 13)
	[774, 9]
	[774, 9]
	[774, 9]
	[774, 9]
	[774, 10]
	[774, 10]
	[774, 10]
	[774, 10]
	[774, 10]
	[774, 11]
	[774, 11]
	[774, 12]
	[774, 12]
	[774, 13]
	[774, 13]
	[774, 13]
	[774, 13]
	[775, 10]
	[775, 11]
	[775, 11]
	[775, 11]
	[775, 11]
	[775, 12]
	[775, 12]
	[775, 12]
	[775, 12]
	[775, 12]
	[775, 13]
	[776, 10]
	[776, 10]
	[776, 10]
	[776, 10]
	[776, 11]
	[776, 11]
	[776, 11]
	[776, 13]
	[776, 13]
	[776, 13]
	[776, 13]
	[777, 9]
	[777, 9]
	[777, 10]
	[777, 10]
	[777, 10]
	[777, 10]
	[777, 11]
	[777, 12]
	[777, 13]
	[778, 10]
	[778, 10]
	[778, 11]
	[778, 12]
	[778, 12]
	[778, 12]
	[778, 13]
Query: (1015, 1019, 742, 746)
	[1015, 742]
	[1015, 742]
	[1015, 743]
	[1015, 744]
	[1015, 745]
	[1015, 745]
	[1015, 745]
	[1015, 746]
	[1015, 746]
	[1015, 746]
	[1016, 742]
	[1016, 742]
	[1016, 742]
	[1016, 743]
	[1016, 743]
	[1016, 743]
	[1016, 744]
	[1016, 744]
	[1016, 744]
	[1016, 745]
	[1016, 745]
	[1016, 746]
	[1017, 742]
	[1017, 742]
	[1017, 743]
	[1017, 743]
	[1017, 744]
	[1017, 744]
	[1017, 744]
	[1017, 745]
	[1017, 745]
	[1017, 745]
	[1018, 742]
	[1018, 742]
	[1018, 743]
	[1018, 743]
	[1018, 743]
	[1018, 744]
	[1018, 744]
	[1018, 745]
	[1018, 745]
	[1018, 745]
	[1018, 745]
	[1019, 742]
	[1019, 742]
	[1019, 742]
	[1019, 743]
	[1019, 744]
	[1019, 744]
	[1019, 745]
	[1019, 746]
Query: (190, 194, 361, 365)
	[190, 361]
	[190, 362]
	[190, 365]
	[190, 365]
	[191, 361]
	[191, 362]
	[191, 364]
	[192, 361]
	[192, 363]
	[192, 364]
	[192, 365]
	[193, 361]
	[193, 361]
	[193, 362]
	[193, 364]
	[193, 364]
	[193, 364]
	[193, 365]
	[194, 362]
	[194, 362]
	[194, 363]
	[194, 364]
	[194, 365]
	[194, 365]
Query: (797, 801, 796, 800)
	[797, 796]
	[797, 797]
	[797, 797]
	[797, 798]
	[797, 798]
	[797, 798]
	[797, 799]
	[797, 799]
	[798, 799]
	[798, 799]
	[798, 800]
	[798, 800]
	[798, 800]
	[798, 800]
	[799, 796]
	[799, 796]
	[799, 796]
	[799, 797]
	[799, 797]
	[799, 798]
	[799, 799]
	[799, 800]
	[800, 796]
	[800, 796]
	[800, 796]
	[800, 796]
	[800, 797]
	[800, 799]
	[801, 796]
	[801, 796]
	[801, 796]
	[801, 797]
	[801, 797]
	[801, 798]
	[801, 798]
	[801, 799]
	[801, 799]
	[801, 799]
	[801, 799]
	[801, 799]
	[801, 799]
	[801, 800]
	[801, 800]
	[801, 800]
	[801, 800]
	[801, 800]
	[801, 800]
Query: (200, 204, 445, 449)
	[200, 445]
	[200, 445]
	[200, 445]
	[200, 446]
	[200, 447]
	[200, 447]
	[200, 447]
	[200, 448]
	[200, 449]
	[200, 449]
	[200, 449]
	[201, 445]
	[201, 445]
	[201, 445]
	[201, 445]
	[201, 446]
	[201, 447]
	[201, 448]
	[201, 448]
	[201, 448]
	[201, 449]
	[201, 449]
	[201, 449]
	[201, 449]
	[202, 445]
	[202, 445]
	[202, 446]
	[202, 446]
	[202, 448]
	[202, 449]
	[202, 449]
	[203, 445]
	[203, 445]
	[203, 446]
	[204, 445]
	[204, 445]
	[204, 446]
	[204, 447]
	[204, 447]
	[204, 447]
	[204, 448]
Query: (1012, 1016, 445, 449)
	[1012, 445]
	[1012, 445]
	[1012, 445]
	[1012, 445]
	[1012, 446]
	[1012, 446]
	[1012, 446]
	[1012, 447]
	[1012, 447]
	[1012, 448]
	[1012, 448]
	[1012, 449]
	[1013, 445]
	[1013, 446]
	[1013, 447]
	[1013, 447]
	[1013, 447]
	[1013, 448]
	[1013, 448]
	[1013, 449]
	[1013, 449]
	[1014, 445]
	[1014, 446]
	[1014, 447]
	[1014, 448]
	[1014, 448]
	[1014, 448]
	[1014, 449]
	[1015, 445]
	[1015, 446]
	[1015, 448]
	[1015, 448]
	[1015, 448]
	[1015, 448]
	[1015, 448]
	[1015, 449]
	[1015, 449]
	[1015, 449]
	[1015, 449]
	[1015, 449]
	[1016, 445]
	[1016, 446]
	[1016, 446]
	[1016, 447]
	[1016, 448]
	[1016, 448]
	[1016, 448]
	[1016, 449]
	[1016, 449]
Query: (818, 822, 50, 54)
	[818, 50]
	[818, 51]
	[818, 51]
	[818, 52]
	[818, 52]
	[818, 52]
	[818, 52]
	[818, 52]
	[818, 53]
	[818, 54]
	[819, 51]
	[819, 51]
	[819, 51]
	[819, 51]
	[819, 52]
	[819, 53]
	[819, 54]
	[819, 54]
	[820, 50]
	[820, 50]
	[820, 50]
	[820, 50]
	[820, 50]
	[820, 50]
	[820, 51]
	[820, 51]
	[820, 51]
	[820, 52]
	[820, 52]
	[820, 53]
	[820, 54]
	[820, 54]
	[820, 54]
	[821, 50]
	[821, 52]
	[821, 53]
	[821, 53]
	[821, 54]
	[821, 54]
	[821, 54]
	[822, 50]
	[822, 50]
	[822, 51]
	[822, 52]
	[822, 53]
	[822, 53]
	[822, 53]
	[822, 54]
Query: (433, 437, 51, 55)
	[433, 51]
	[433, 51]
	[433, 51]
	[433, 51]
	[433, 52]
	[433, 53]
	[433, 54]
	[433, 54]
	[433, 54]
	[434, 52]
	[434, 53]
	[434, 54]
	[435, 51]
	[435, 51]
	[435, 52]
	[435, 52]
	[435, 53]
	[435, 55]
	[435, 55]
	[436, 52]
	[436, 53]
	[436, 53]
	[436, 53]
	[436, 53]
	[436, 54]
	[436, 54]
	[436, 54]
	[436, 55]
	[436, 55]
	[437, 51]
	[437, 51]
	[437, 52]
	[437, 52]
	[437, 52]
	[437, 52]
	[437, 53]
	[437, 53]
	[437, 53]
	[437, 53]
	[437, 54]
	[437, 54]
	[437, 55]
Query: (743, 747, 93, 97)
	[743, 93]
	[743, 93]
	[743, 93]
	[743, 93]
	[743, 93]
	[743, 94]
	[743, 95]
	[743, 95]
	[743, 96]
	[743, 97]
	[744, 94]
	[744, 95]
	[744, 96]
	[744, 96]
	[744, 97]
	[744, 97]
	[745, 93]
	[745, 93]
	[745, 93]
	[745, 94]
	[745, 94]
	[745, 95]
	[745, 95]
	[745, 96]
	[745, 96]
	[745, 97]
	[745, 97]
	[745, 97]
	[745, 97]
	[745, 97]
	[745, 97]
	[746, 93]
	[746, 95]
	[746, 95]
	[746, 96]
	[746, 96]
	[746, 97]
	[746, 97]
	[746, 97]
	[747, 93]
	[747, 93]
	[747, 93]
	[747, 93]
	[747, 94]
	[747, 95]
	[747, 95]
	[747, 96]
	[747, 96]
	[747, 97]
	[747, 97]
Query: (508, 512, 606, 610)
	[508, 607]
	[508, 609]
	[508, 609]
	[508, 610]
	[508, 610]
	[508, 610]
	[509, 606]
	[509, 606]
	[509, 607]
	[509, 607]
	[509, 607]
	[509, 607]
	[509, 608]
	[509, 609]
	[509, 610]
	[509, 610]
	[510, 606]
	[510, 606]
	[510, 606]
	[510, 606]
	[510, 606]
	[510, 607]
	[510, 607]
	[510, 607]
	[510, 607]
	[510, 608]
	[510, 608]
	[510, 609]
	[510, 609]
	[510, 609]
	[510, 610]
	[510, 610]
	[510, 610]
	[510, 610]
	[510, 610]
	[511, 606]
	[511, 606]
	[511, 607]
	[511, 608]
	[511, 609]
	[511, 609]
	[511, 609]
	[511, 609]
	[511, 609]
	[511, 609]
	[511, 610]
	[512, 609]
	[512, 609]
Query: (825, 829, 246, 250)
	[825, 247]
	[825, 249]
	[825, 249]
	[825, 250]
	[825, 250]
	[826, 246]
	[826, 247]
	[826, 247]
	[826, 247]
	[826, 247]
	[826, 248]
	[826, 249]
	[826, 250]
	[826, 250]
	[827, 246]
	[827, 247]
	[827, 247]
	[827, 247]
	[827, 249]
	[827, 249]
	[827, 249]
	[827, 250]
	[827, 250]
	[828, 246]
	[828, 246]
	[828, 246]
	[828, 247]
	[828, 248]
	[828, 248]
	[828, 249]
	[828, 250]
	[828, 250]
	[828, 250]
	[828, 250]
	[828, 250]
	[828, 250]
	[829, 246]
	[829, 247]
	[829, 247]
	[829, 247]
	[829, 248]
	[829, 248]
	[829, 249]
	[829, 249]
	[829, 250]
	[829, 250]
Query: (364, 368, 858, 862)
	[364, 858]
	[364, 858]
	[364, 859]
	[364, 859]
	[364, 859]
	[364, 862]
	[364, 862]
	[364, 862]
	[365, 858]
	[365, 859]
	[365, 859]
	[365, 860]
	[365, 861]
	[365, 862]
	[366, 858]
	[366, 858]
	[366, 859]
	[366, 859]
	[366, 861]
	[366, 861]
	[367, 858]
	[367, 859]
	[367, 859]
	[367, 861]
	[367, 861]
	[367, 862]
	[367, 862]
	[367, 862]
	[367, 862]
	[368, 858]
	[368, 858]
	[368, 860]
	[368, 861]
	[368, 862]
Query: (75, 79, 874, 878)
	[75, 874]
	[75, 874]
	[75, 875]
	[75, 876]
	[75, 876]
	[75, 878]
	[75, 878]
	[76, 874]
	[76, 874]
	[76, 874]
	[76, 875]
	[76, 875]
	[76, 875]
	[76, 876]
	[76, 876]
	[76, 877]
	[76, 877]
	[76, 877]
	[76, 878]
	[77, 874]
	[77, 874]
	[77, 875]
	[77, 877]
	[77, 878]
	[78, 874]
	[78, 875]
	[78, 876]
	[78, 877]
	[78, 877]
	[78, 878]
	[78, 878]
	[78, 878]
	[78, 878]
	[78, 878]
	[79, 874]
	[79, 874]
	[79, 874]
	[79, 875]
	[79, 876]
	[79, 877]
	[79, 877]
	[79, 877]
	[79, 878]
Query: (603, 607, 983, 987)
	[603, 983]
	[603, 984]
	[603, 987]
	[603, 987]
	[604, 983]
	[604, 983]
	[604, 983]
	[604, 983]
	[604, 983]
	[604, 987]
	[605, 983]
	[605, 983]
	[605, 984]
	[605, 985]
	[605, 985]
	[605, 985]
	[605, 985]
	[605, 986]
	[605, 986]
	[605, 986]
	[605, 987]
	[606, 983]
	[606, 983]
	[606, 984]
	[606, 985]
	[606, 985]
	[606, 985]
	[606, 986]
	[606, 987]
	[606, 987]
	[607, 983]
	[607, 983]
	[607, 983]
	[607, 984]
	[607, 985]
	[607, 985]
	[607, 985]
	[607, 986]
	[607, 987]
Query: (928, 932, 499, 503)
	[928, 500]
	[928, 501]
	[928, 501]
	[928, 503]
	[929, 499]
	[929, 499]
	[929, 499]
	[929, 499]
	[929, 500]
	[929, 500]
	[929, 501]
	[929, 501]
	[929, 501]
	[929, 501]
	[929, 502]
	[929, 503]
	[929, 503]
	[929, 503]
	[930, 499]
	[930, 499]
	[930, 499]
	[930, 499]
	[930, 499]
	[930, 499]
	[930, 499]
	[930, 499]
	[930, 500]
	[930, 502]
	[930, 502]
	[930, 503]
	[930, 503]
	[930, 503]
	[930, 503]
	[931, 499]
	[931, 500]
	[931, 503]
	[932, 499]
	[932, 499]
	[932, 500]
	[932, 501]
	[932, 501]
	[932, 502]
	[932, 502]
	[932, 503]
	[932, 503]
	[932, 503]
Query: (198, 202, 225, 229)
	[198, 225]
	[198, 227]
	[198, 227]
	[198, 227]
	[198, 227]
	[198, 228]
	[198, 228]
	[198, 228]
	[198, 229]
	[198, 229]
	[198, 229]
	[199, 225]
	[199, 226]
	[199, 226]
	[199, 226]
	[199, 226]
	[199, 226]
	[199, 227]
	[199, 227]
	[199, 227]
	[199, 227]
	[199, 229]
	[199, 229]
	[200, 226]
	[200, 226]
	[200, 226]
	[200, 227]
	[200, 227]
	[200, 227]
	[200, 228]
	[200, 228]
	[201, 225]
	[201, 225]
	[201, 225]
	[201, 225]
	[201, 226]
	[201, 226]
	[201, 226]
	[201, 226]
	[201, 228]
	[201, 229]
	[201, 229]
	[202, 225]
	[202, 225]
	[202, 226]
	[202, 226]
	[202, 226]
	[202, 227]
	[202, 227]
	[202, 228]
	[202, 228]
	[202, 228]
	[202, 229]
Query: (441, 445, 231, 235)
	[441, 232]
	[441, 233]
	[441, 233]
	[441, 234]
	[441, 234]
	[441, 234]
	[441, 234]
	[442, 231]
	[442, 232]
	[442, 233]
	[442, 233]
	[442, 233]
	[442, 233]
	[442, 234]
	[442, 234]
	[442, 235]
	[442, 235]
	[443, 231]
	[443, 231]
	[443, 231]
	[443, 231]
	[443, 231]
	[443, 232]
	[443, 233]
	[443, 233]
	[443, 233]
	[443, 234]
	[443, 234]
	[443, 234]
	[443, 234]
	[443, 234]
	[443, 235]
	[443, 235]
	[443, 235]
	[444, 233]
	[444, 233]
	[444, 233]
	[444, 234]
	[444, 235]
	[444, 235]
	[445, 231]
	[445, 231]
	[445, 232]
	[445, 232]
	[445, 233]
	[445, 233]
	[445, 233]
	[445, 233]
Query: (764, 768, 548, 552)
	[764, 548]
	[764, 549]
	[764, 549]
	[764, 549]
	[764, 549]
	[764, 550]
	[764, 550]
	[764, 550]
	[764, 551]
	[764, 551]
	[764, 552]
	[764, 552]
	[764, 552]
	[764, 552]
	[764, 552]
	[764, 552]
	[765, 548]
	[765, 552]
	[765, 552]
	[766, 548]
	[766, 548]
	[766, 548]
	[766, 550]
	[766, 551]
	[766, 552]
	[766, 552]
	[767, 548]
	[767, 548]
	[767, 550]
	[767, 550]
	[767, 550]
	[767, 551]
	[767, 551]
	[767, 551]
	[767, 551]
	[767, 551]
	[767, 552]
	[767, 552]
	[768, 548]
	[768, 550]
	[768, 552]
Query: (40, 44, 777, 781)
	[40, 777]
	[40, 778]
	[40, 779]
	[40, 779]
	[40, 779]
	[40, 780]
	[40, 780]
	[40, 780]
	[40, 781]
	[40, 781]
	[40, 781]
	[41, 777]
	[41, 777]
	[41, 777]
	[41, 778]
	[41, 778]
	[41, 779]
	[41, 779]
	[41, 779]
	[41, 779]
	[41, 780]
	[41, 780]
	[41, 780]
	[41, 781]
	[41, 781]
	[41, 781]
	[41, 781]
	[42, 777]
	[42, 777]
	[42, 779]
	[42, 779]
	[42, 779]
	[42, 779]
	[42, 779]
	[42, 780]
	[43, 777]
	[43, 777]
	[43, 777]
	[43, 778]
	[43, 778]
	[43, 778]
	[43, 778]
	[43, 778]
	[43, 779]
	[43, 779]
	[43, 779]
	[43, 779]
	[43, 779]
	[43, 780]
	[43, 780]
	[43, 781]
	[43, 781]
	[43, 781]
	[44, 777]
	[44, 778]
	[44, 779]
	[44, 779]
	[44, 780]
	[44, 780]
	[44, 781]
	[44, 781]
Query: (965, 969, 355, 359)
	[965, 355]
	[965, 356]
	[965, 356]
	[965, 357]
	[965, 359]
	[965, 359]
	[965, 359]
	[966, 355]
	[966, 356]
	[966, 356]
	[966, 356]
	[966, 358]
	[966, 358]
	[966, 359]
	[967, 355]
	[967, 355]
	[967, 355]
	[967, 356]
	[967, 356]
	[967, 357]
	[967, 357]
	[967, 359]
	[967, 359]
	[967, 359]
	[968, 355]
	[968, 356]
	[968, 357]
	[968, 358]
	[968, 359]
	[968, 359]
	[969, 355]
	[969, 355]
	[969, 355]
	[969, 357]
	[969, 359]
	[969, 359]
	[969, 359]
	[969, 359]
	[969, 359]
Query: (779, 783, 470, 474)
	[779, 470]
	[779, 470]
	[779, 470]
	[779, 470]
	[779, 471]
	[779, 472]
	[779, 472]
	[779, 473]
	[779, 474]
	[779, 474]
	[779, 474]
	[780, 470]
	[780, 470]
	[780, 470]
	[780, 470]
	[780, 471]
	[780, 472]
	[780, 472]
	[780, 473]
	[780, 474]
	[781, 470]
	[781, 470]
	[781, 470]
	[781, 471]
	[781, 472]
	[781, 472]
	[781, 473]
	[781, 474]
	[781, 474]
	[781, 474]
	[782, 470]
	[782, 470]
	[782, 471]
	[782, 471]
	[782, 471]
	[782, 471]
	[782, 472]
	[782, 472]
	[782, 474]
	[782, 474]
	[783, 470]
	[783, 470]
	[783, 470]
	[783, 470]
	[783, 470]
	[783, 470]
	[783, 471]
	[783, 472]
	[783, 472]
	[783, 472]
	[783, 473]
	[783, 474]
	[783, 474]
Query: (570, 574, 652, 656)
	[570, 652]
	[570, 652]
	[570, 653]
	[570, 654]
	[570, 654]
	[570, 655]
	[570, 655]
	[570, 656]
	[571, 652]
	[571, 653]
	[571, 654]
	[571, 654]
	[571, 656]
	[571, 656]
	[572, 652]
	[572, 652]
	[572, 653]
	[572, 653]
	[572, 653]
	[572, 653]
	[572, 653]
	[572, 653]
	[572, 654]
	[572, 655]
	[572, 655]
	[572, 656]
	[573, 652]
	[573, 653]
	[573, 654]
	[573, 654]
	[573, 655]
	[573, 656]
	[574, 652]
	[574, 652]
	[574, 653]
	[574, 653]
	[574, 654]
	[574, 654]
	[574, 655]
	[574, 656]
	[574, 656]
Query: (188, 192, 936, 940)
	[188, 938]
	[188, 938]
	[188, 939]
	[188, 940]
	[188, 940]
	[188, 940]
	[188, 940]
	[189, 936]
	[189, 937]
	[189, 937]
	[189, 937]
	[189, 938]
	[189, 938]
	[189, 939]
	[189, 940]
	[189, 940]
	[190, 936]
	[190, 936]
	[190, 936]
	[190, 936]
	[190, 936]
	[190, 937]
	[190, 937]
	[190, 937]
	[190, 939]
	[190, 939]
	[190, 939]
	[190, 939]
	[190, 940]
	[190, 940]
	[190, 940]
	[191, 936]
	[191, 936]
	[191, 936]
	[191, 937]
	[191, 937]
	[191, 938]
	[191, 938]
	[191, 939]
	[191, 940]
	[192, 936]
	[192, 937]
	[192, 938]
	[192, 939]
	[192, 939]
	[192, 939]
Query: (508, 512, 165, 169)
	[508, 165]
	[508, 165]
	[508, 166]
	[508, 167]
	[508, 167]
	[508, 167]
	[508, 167]
	[508, 168]
	[508, 168]
	[508, 168]
	[508, 169]
	[509, 165]
	[509, 166]
	[509, 166]
	[509, 167]
	[509, 167]
	[509, 168]
	[509, 168]
	[509, 169]
	[510, 165]
	[510, 166]
	[510, 167]
	[510, 167]
	[510, 168]
	[510, 169]
	[510, 169]
	[511, 165]
	[511, 166]
	[511, 167]
	[511, 168]
	[511, 168]
	[511, 168]
	[511, 168]
	[511, 169]
	[511, 169]
	[511, 169]
	[511, 169]
	[512, 165]
	[512, 165]
	[512, 165]
	[512, 166]
	[512, 167]
	[512, 167]
	[512, 168]
	[512, 168]
	[512, 168]
	[512, 168]
	[512, 169]
	[512, 169]
Query: (528, 532, 730, 734)
	[528, 730]
	[528, 730]
	[528, 731]
	[528, 731]
	[528, 731]
	[528, 731]
	[528, 732]
	[528, 733]
	[528, 733]
	[528, 733]
	[528, 734]
	[529, 730]
	[529, 730]
	[529, 731]
	[529, 731]
	[529, 732]
	[529, 732]
	[529, 732]
	[529, 732]
	[529, 733]
	[529, 733]
	[529, 734]
	[529, 734]
	[530, 730]
	[530, 730]
	[530, 730]
	[530, 730]
	[530, 730]
	[530, 730]
	[530, 732]
	[530, 732]
	[530, 732]
	[530, 733]
	[530, 733]
	[530, 733]
	[530, 733]
	[530, 734]
	[531, 730]
	[531, 730]
	[531, 730]
	[531, 731]
	[531, 731]
	[531, 732]
	[531, 733]
	[531, 733]
	[531, 733]
	[531, 734]
	[532, 730]
	[532, 731]
	[532, 732]
	[532, 732]
	[532, 734]
	[532, 734]
Query: (1014, 1018, 589, 593)
	[1014, 589]
	[1014, 589]
	[1014, 589]
	[1014, 589]
	[1014, 590]
	[1014, 590]
	[1014, 591]
	[1014, 591]
	[1014, 591]
	[1014, 592]
	[1014, 592]
	[1014, 592]
	[1014, 593]
	[1014, 593]
	[1014, 593]
	[1014, 593]
	[1015, 590]
	[1015, 590]
	[1015, 590]
	[1015, 591]
	[1015, 591]
	[1015, 591]
	[1015, 591]
	[1015, 592]
	[1015, 592]
	[1015, 593]
	[1016, 589]
	[1016, 589]
	[1016, 589]
	[1016, 590]
	[1016, 591]
	[1016, 591]
	[1016, 591]
	[1016, 592]
	[1016, 592]
	[1017, 589]
	[1017, 589]
	[1017, 589]
	[1017, 591]
	[1017, 591]
	[1017, 592]
	[1017, 592]
	[1017, 592]
	[1017, 593]
	[1017, 593]
	[1017, 593]
	[1018, 589]
	[1018, 589]
	[1018, 591]
	[1018, 592]
	[1018, 593]
	[1018, 593]
Query: (872, 876, 442, 446)
	[872, 442]
	[872, 443]
	[872, 443]
	[872, 443]
	[872, 443]
	[872, 443]
	[872, 444]
	[872, 444]
	[872, 445]
	[872, 445]
	[872, 446]
	[873, 444]
	[873, 444]
	[873, 444]
	[873, 444]
	[873, 444]
	[873, 445]
	[873, 446]
	[873, 446]
	[873, 446]
	[873, 446]
	[873, 446]
	[874, 442]
	[874, 443]
	[874, 444]
	[874, 444]
	[874, 444]
	[874, 445]
	[874, 446]
	[874, 446]
	[874, 446]
	[875, 442]
	[875, 442]
	[875, 442]
	[875, 443]
	[875, 444]
	[875, 444]
	[875, 444]
	[875, 444]
	[875, 445]
	[875, 445]
	[875, 445]
	[875, 446]
	[876, 442]
	[876, 444]
	[876, 444]
	[876, 445]
	[876, 445]
	[876, 446]
	[876, 446]
	[876, 446]
	[876, 446]
Query: (982, 986, 902, 906)
	[982, 902]
	[982, 902]
	[982, 904]
	[982, 905]
	[982, 905]
	[982, 906]
	[982, 906]
	[982, 906]
	[983, 902]
	[983, 902]
	[983, 903]
	[983, 903]
	[983, 904]
	[983, 904]
	[983, 905]
	[983, 905]
	[983, 905]
	[983, 905]
	[983, 905]
	[983, 905]
	[983, 905]
	[983, 906]
	[983, 906]
	[983, 906]
	[984, 902]
	[984, 903]
	[984, 903]
	[984, 904]
	[984, 904]
	[984, 905]
	[984, 906]
	[984, 906]
	[985, 902]
	[985, 903]
	[985, 903]
	[985, 903]
	[985, 903]
	[985, 904]
	[985, 904]
	[985, 904]
	[985, 904]
	[985, 905]
	[985, 905]
	[985, 906]
	[986, 902]
	[986, 902]
	[986, 903]
	[986, 903]
	[986, 904]
	[986, 904]
	[986, 904]
	[986, 904]
	[986, 904]
	[986, 905]
	[986, 905]
	[986, 906]
	[986, 906]
	[986, 906]
Query: (693, 697, 401, 405)
	[693, 402]
	[693, 403]
	[693, 404]
	[693, 404]
	[693, 405]
	[694, 401]
	[694, 401]
	[694, 401]
	[694, 402]
	[694, 403]
	[694, 403]
	[694, 404]
	[694, 404]
	[694, 405]
	[694, 405]
	[695, 401]
	[695, 401]
	[695, 403]
	[695, 403]
	[695, 405]
	[695, 405]
	[695, 405]
	[696, 401]
	[696, 401]
	[696, 401]
	[696, 402]
	[696, 402]
	[696, 402]
	[696, 403]
	[696, 403]
	[696, 404]
	[696, 404]
	[696, 405]
	[696, 405]
	[696, 405]
	[697, 401]
	[697, 402]
	[697, 402]
	[697, 403]
	[697, 403]
	[697, 403]
	[697, 403]
	[697, 403]
	[697, 404]
	[697, 404]
	[697, 404]
	[697, 405]
Query: (412, 416, 183, 187)
	[412, 183]
	[412, 183]
	[412, 183]
	[412, 183]
	[412, 183]
	[412, 183]
	[412, 183]
	[412, 184]
	[412, 185]
	[412, 185]
	[412, 185]
	[412, 186]
	[412, 186]
	[412, 186]
	[412, 186]
	[413, 183]
	[413, 183]
	[413, 183]
	[413, 184]
	[413, 184]
	[413, 184]
	[413, 184]
	[413, 185]
	[413, 185]
	[413, 186]
	[413, 186]
	[413, 186]
	[414, 183]
	[414, 185]
	[414, 185]
	[414, 185]
	[414, 185]
	[414, 187]
	[414, 187]
	[415, 183]
	[415, 183]
	[415, 185]
	[415, 186]
	[415, 186]
	[415, 186]
	[415, 187]
	[415, 187]
	[416, 183]
	[416, 183]
	[416, 183]
	[416, 183]
	[416, 184]
	[416, 184]
	[416, 184]
	[416, 184]
	[416, 185]
	[416, 185]
	[416, 185]
	[416, 186]
	[416, 186]
	[416, 186]
