Query: (20, 28, 54, 62)
	[20, 54]
	[20, 54]
	[20, 55]
	[20, 55]
	[20, 56]
	[20, 57]
	[20, 57]
	[20, 57]
	[20, 57]
	[20, 58]
	[20, 58]
	[20, 58]
	[20, 59]
	[20, 59]
	[20, 59]
	[20, 60]
	[20, 60]
	[20, 61]
	[20, 61]
	[20, 62]
	[20, 62]
	[20, 62]
	[21, 54]
	[21, 56]
	[21, 56]
	[21, 57]
	[21, 57]
	[21, 57]
	[21, 58]
	[21, 59]
	[21, 59]
	[21, 59]
	[21, 60]
	[21, 60]
	[21, 60]
	[21, 61]
	[22, 55]
	[22, 55]
	[22, 55]
	[22, 55]
	[22, 56]
	[22, 56]
	[22, 56]
	[22, 57]
	[22, 57]
	[22, 57]
	[22, 57]
	[22, 58]
	[22, 58]
	[22, 60]
	[22, 62]
	[22, 62]
	[23, 54]
	[23, 54]
	[23, 54]
	[23, 55]
	[23, 55]
	[23, 56]
	[23, 56]
	[23, 57]
	[23, 57]
	[23, 58]
	[23, 59]
	[23, 59]
	[23, 60]
	[23, 60]
	[23, 62]
	[23, 62]
	[23, 62]
	[24, 54]
	[24, 54]
	[24, 54]
	[24, 54]
	[24, 55]
	[24, 55]
	[24, 57]
	[24, 57]
	[24, 57]
	[24, 57]
	[24, 58]
	[24, 58]
	[24, 59]
	[24, 60]
	[24, 61]
	[24, 62]
	[24, 62]
	[24, 62]
	[25, 54]
	[25, 54]
	[25, 55]
	[25, 55]
	[25, 55]
	[25, 55]
	[25, 57]
	[25, 57]
	[25, 57]
	[25, 58]
	[25, 58]
	[25, 58]
	[25, 58]
	[25, 59]
	[25, 61]
	[25, 61]
	[25, 61]
	[25, 61]
	[25, 61]
	[25, 62]
	[25, 62]
	[26, 54]
	[26, 55]
	[26, 55]
	[26, 56]
	[26, 56]
	[26, 57]
	[26, 58]
	[26, 58]
	[26, 58]
	[26, 58]
	[26, 58]
	[26, 59]
	[26, 59]
	[26, 60]
	[26, 61]
	[26, 62]
	[26, 62]
	[27, 54]
	[27, 54]
	[27, 58]
	[27, 58]
	[27, 58]
	[27, 59]
	[27, 59]
	[27, 59]
	[27, 60]
	[27, 60]
	[27, 60]
	[27, 61]
	[27, 61]
	[27, 61]
	[27, 62]
	[27, 62]
	[28, 54]
	[28, 54]
	[28, 55]
	[28, 56]
	[28, 56]
	[28, 57]
	[28, 57]
	[28, 58]
	[28, 58]
	[28, 58]
	[28, 58]
	[28, 59]
	[28, 60]
	[28, 60]
	[28, 61]
	[28, 61]
	[28, 61]
	[28, 61]
	[28, 61]
Query: (1002, 1018, 567, 573)
	[1002, 567]
	[1002, 567]
	[1002, 568]
	[1002, 569]
	[1002, 569]
	[1002, 569]
	[1002, 571]
	[1002, 571]
	[1002, 572]
	[1003, 567]
	[1003, 567]
	[1003, 567]
	[1003, 568]
	[1003, 568]
	[1003, 568]
	[1003, 569]
	[1003, 569]
	[1003, 569]
	[1003, 569]
	[1003, 570]
	[1003, 570]
	[1003, 571]
	[1003, 572]
	[1003, 572]
	[1003, 572]
	[1003, 573]
	[1004, 567]
	[1004, 567]
	[1004, 567]
	[1004, 568]
	[1004, 569]
	[1004, 569]
	[1004, 570]
	[1004, 570]
	[1004, 571]
	[1004, 571]
	[1004, 572]
	[1004, 572]
	[1004, 572]
	[1005, 567]
	[1005, 568]
	[1005, 569]
	[1005, 569]
	[1005, 570]
	[1005, 570]
	[1005, 571]
	[1005, 571]
	[1005, 571]
	[1005, 572]
	[1005, 573]
	[1005, 573]
	[1005, 573]
	[1006, 567]
	[1006, 567]
	[1006, 567]
	[1006, 567]
	[1006, 567]
	[1006, 568]
	[1006, 569]
	[1006, 569]
	[1006, 569]
	[1006, 570]
	[1006, 570]
	[1006, 571]
	[1006, 573]
	[1006, 573]
	[1006, 573]
	[1007, 567]
	[1007, 568]
	[1007, 568]
	[1007, 568]
	[1007, 568]
	[1007, 570]
	[1007, 570]
	[1007, 570]
	[1007, 571]
	[1007, 571]
	[1007, 571]
	[1007, 571]
	[1007, 571]
	[1007, 573]
	[1007, 573]
	[1007, 573]
	[1007, 573]
	[1008, 567]
	[1008, 567]
	[1008, 567]
	[1008, 568]
	[1008, 568]
	[1008, 568]
	[1008, 570]
	[1008, 570]
	[1008, 571]
	[1008, 572]
	[1008, 572]
	[1008, 573]
	[1008, 573]
	[1009, 567]
	[1009, 567]
	[1009, 569]
	[1009, 570]
	[1009, 570]
	[1009, 570]
	[1009, 570]
	[1009, 570]
	[1009, 572]
	[1009, 572]
	[1009, 573]
	[1009, 573]
	[1009, 573]
	[1010, 568]
	[1010, 568]
	[1010, 568]
	[1010, 568]
	[1010, 569]
	[1010, 569]
	[1010, 570]
	[1010, 570]
	[1010, 570]
	[1010, 570]
	[1010, 572]
	[1010, 572]
	[1010, 572]
	[1010, 572]
	[1010, 573]
	[1010, 573]
	[1011, 567]
	[1011, 568]
	[1011, 569]
	[1011, 569]
	[1011, 569]
	[1011, 571]
	[1011, 572]
	[1011, 572]
	[1012, 567]
	[1012, 567]
	[1012, 568]
	[1012, 569]
	[1012, 570]
	[1012, 571]
	[1012, 572]
	[1012, 572]
	[1012, 572]
	[1012, 573]
	[1012, 573]
	[1012, 573]
	[1013, 567]
	[1013, 567]
	[1013, 567]
	[1013, 567]
	[1013, 568]
	[1013, 568]
	[1013, 569]
	[1013, 570]
	[1013, 570]
	[1013, 570]
	[1013, 570]
	[1013, 570]
	[1013, 573]
	[1014, 567]
	[1014, 568]
	[1014, 569]
	[1014, 569]
	[1014, 569]
	[1014, 569]
	[1014, 570]
	[1014, 572]
	[1014, 572]
	[1014, 573]
	[1015, 567]
	[1015, 568]
	[1015, 568]
	[1015, 569]
	[1015, 570]
	[1015, 570]
	[1015, 571]
	[1015, 573]
	[1015, 573]
	[1016, 567]
	[1016, 569]
	[1016, 569]
	[1016, 569]
	[1016, 570]
	[1016, 570]
	[1016, 570]
	[1016, 570]
	[1016, 571]
	[1016, 571]
	[1016, 572]
	[1016, 573]
	[1016, 573]
	[1016, 573]
	[1017, 567]
	[1017, 568]
	[1017, 568]
	[1017, 569]
	[1017, 570]
	[1018, 567]
	[1018, 568]
	[1018, 568]
	[1018, 569]
	[1018, 569]
	[1018, 569]
	[1018, 569]
	[1018, 570]
	[1018, 571]
	[1018, 571]
	[1018, 571]
	[1018, 571]
	[1018, 571]
	[1018, 573]
	[1018, 573]
Query: (214, 246, 611, 643)
	[214, 611]
	[214, 611]
	[214, 612]
	[214, 612]
	[214, 612]
	[214, 613]
	[214, 615]
	[214, 615]
	[214, 616]
	[214, 617]
	[214, 617]
	[214, 619]
	[214, 620]
	[214, 620]
	[214, 621]
	[214, 622]
	[214, 622]
	[214, 622]
	[214, 623]
	[214, 624]
	[214, 624]
	[214, 624]
	[214, 624]
	[214, 624]
	[214, 625]
	[214, 625]
	[214, 626]
	[214, 626]
	[214, 627]
	[214, 627]
	[214, 627]
	[214, 627]
	[214, 628]
	[214, 629]
	[214, 630]
	[214, 630]
	[214, 631]
	[214, 631]
	[214, 632]
	[214, 632]
	[214, 632]
	[214, 633]
	[214, 633]
	[214, 633]
	[214, 633]
	[214, 634]
	[214, 634]
	[214, 634]
	[214, 635]
	[214, 636]
	[214, 636]
	[214, 637]
	[214, 637]
	[214, 638]
	[214, 638]
	[214, 638]
	[214, 638]
	[214, 638]
	[214, 638]
	[214, 639]
	[214, 639]
	[214, 639]
	[214, 639]
	[214, 640]
	[214, 641]
	[214, 643]
	[215, 611]
	[215, 612]
	[215, 613]
	[215, 613]
	[215, 613]
	[215, 614]
	[215, 614]
	[215, 614]
	[215, 615]
	[215, 615]
	[215, 615]
	[215, 616]
	[215, 616]
	[215, 616]
	[215, 617]
	[215, 617]
	[215, 617]
	[215, 617]
	[215, 617]
	[215, 617]
	[215, 618]
	[215, 618]
	[215, 618]
	[215, 619]
	[215, 620]
	[215, 620]
	[215, 620]
	[215, 621]
	[215, 621]
	[215, 622]
	[215, 623]
	[215, 623]
	[215, 623]
	[215, 623]
	[215, 624]
	[215, 624]
	[215, 624]
	[215, 625]
	[215, 625]
	[215, 626]
	[215, 626]
	[215, 626]
	[215, 627]
	[215, 628]
	[215, 628]
	[215, 628]
	[215, 629]
	[215, 631]
	[215, 632]
	[215, 633]
	[215, 635]
	[215, 636]
	[215, 636]
	[215, 636]
	[215, 636]
	[215, 638]
	[215, 638]
	[215, 638]
	[215, 639]
	[215, 639]
	[215, 639]
	[215, 639]
	[215, 639]
	[215, 640]
	[215, 640]
	[215, 640]
	[215, 640]
	[215, 641]
	[215, 641]
	[215, 641]
	[215, 642]
	[215, 643]
	[215, 643]
	[216, 611]
	[216, 611]
	[216, 612]
	[216, 612]
	[216, 615]
	[216, 615]
	[216, 617]
	[216, 618]
	[216, 618]
	[216, 618]
	[216, 618]
	[216, 618]
	[216, 619]
	[216, 620]
	[216, 621]
	[216, 621]
	[216, 621]
	[216, 623]
	[216, 623]
	[216, 623]
	[216, 624]
	[216, 625]
	[216, 625]
	[216, 626]
	[216, 627]
	[216, 628]
	[216, 628]
	[216, 629]
	[216, 629]
	[216, 630]
	[216, 631]
	[216, 631]
	[216, 633]
	[216, 636]
	[216, 636]
	[216, 636]
	[216, 637]
	[216, 638]
	[216, 639]
	[216, 639]
	[216, 640]
	[216, 641]
	[216, 642]
	[216, 642]
	[216, 642]
	[216, 643]
	[216, 643]
	[217, 611]
	[217, 611]
	[217, 611]
	[217, 611]
	[217, 611]
	[217, 612]
	[217, 612]
	[217, 612]
	[217, 612]
	[217, 613]
	[217, 613]
	[217, 614]
	[217, 614]
	[217, 614]
	[217, 614]
	[217, 614]
	[217, 615]
	[217, 615]
	[217, 615]
	[217, 615]
	[217, 616]
	[217, 616]
	[217, 616]
	[217, 617]
	[217, 617]
	[217, 617]
	[217, 618]
	[217, 620]
	[217, 620]
	[217, 621]
	[217, 621]
	[217, 621]
	[217, 622]
	[217, 622]
	[217, 624]
	[217, 624]
	[217, 624]
	[217, 625]
	[217, 628]
	[217, 629]
	[217, 632]
	[217, 632]
	[217, 633]
	[217, 633]
	[217, 633]
	[217, 633]
	[217, 634]
	[217, 634]
	[217, 635]
	[217, 636]
	[217, 636]
	[217, 636]
	[217, 637]
	[217, 637]
	[217, 637]
	[217, 637]
	[217, 638]
	[217, 638]
	[217, 639]
	[217, 639]
	[217, 641]
	[217, 641]
	[217, 641]
	[218, 611]
	[218, 611]
	[218, 612]
	[218, 612]
	[218, 612]
	[218, 613]
	[218, 613]
	[218, 613]
	[218, 614]
	[218, 614]
	[218, 615]
	[218, 616]
	[218, 618]
	[218, 619]
	[218, 619]
	[218, 619]
	[218, 619]
	[218, 620]
	[218, 620]
	[218, 620]
	[218, 620]
	[218, 621]
	[218, 621]
	[218, 621]
	[218, 622]
	[218, 623]
	[218, 623]
	[218, 623]
	[218, 624]
	[218, 624]
	[218, 625]
	[218, 625]
	[218, 625]
	[218, 626]
	[218, 627]
	[218, 628]
	[218, 628]
	[218, 630]
	[218, 631]
	[218, 631]
	[218, 633]
	[218, 633]
	[218, 633]
	[218, 635]
	[218, 636]
	[218, 637]
	[218, 637]
	[218, 637]
	[218, 637]
	[218, 638]
	[218, 638]
	[218, 638]
	[218, 639]
	[218, 639]
	[218, 640]
	[218, 640]
	[218, 640]
	[218, 641]
	[218, 641]
	[218, 642]
	[218, 643]
	[219, 611]
	[219, 611]
	[219, 611]
	[219, 612]
	[219, 612]
	[219, 613]
	[219, 613]
	[219, 613]
	[219, 613]
	[219, 614]
	[219, 614]
	[219, 615]
	[219, 616]
	[219, 616]
	[219, 617]
	[219, 617]
	[219, 617]
	[219, 617]
	[219, 617]
	[219, 620]
	[219, 620]
	[219, 621]
	[219, 621]
	[219, 621]
	[219, 621]
	[219, 621]
	[219, 622]
	[219, 622]
	[219, 622]
	[219, 622]
	[219, 623]
	[219, 623]
	[219, 626]
	[219, 626]
	[219, 626]
	[219, 627]
	[219, 628]
	[219, 628]
	[219, 628]
	[219, 629]
	[219, 629]
	[219, 630]
	[219, 630]
	[219, 630]
	[219, 631]
	[219, 631]
	[219, 633]
	[219, 633]
	[219, 633]
	[219, 634]
	[219, 634]
	[219, 635]
	[219, 637]
	[219, 638]
	[219, 638]
	[219, 638]
	[219, 639]
	[219, 639]
	[219, 640]
	[219, 640]
	[219, 640]
	[219, 642]
	[219, 642]
	[219, 642]
	[219, 643]
	[220, 611]
	[220, 611]
	[220, 612]
	[220, 612]
	[220, 613]
	[220, 614]
	[220, 614]
	[220, 614]
	[220, 616]
	[220, 617]
	[220, 618]
	[220, 618]
	[220, 619]
	[220, 619]
	[220, 620]
	[220, 620]
	[220, 620]
	[220, 620]
	[220, 620]
	[220, 621]
	[220, 621]
	[220, 622]
	[220, 622]
	[220, 622]
	[220, 623]
	[220, 624]
	[220, 624]
	[220, 624]
	[220, 625]
	[220, 625]
	[220, 626]
	[220, 626]
	[220, 627]
	[220, 629]
	[220, 630]
	[220, 630]
	[220, 631]
	[220, 631]
	[220, 631]
	[220, 631]
	[220, 632]
	[220, 632]
	[220, 633]
	[220, 633]
	[220, 634]
	[220, 634]
	[220, 635]
	[220, 637]
	[220, 639]
	[220, 639]
	[220, 639]
	[220, 640]
	[220, 640]
	[220, 640]
	[220, 641]
	[220, 642]
	[220, 642]
	[220, 642]
	[220, 643]
	[220, 643]
	[220, 643]
	[221, 611]
	[221, 611]
	[221, 613]
	[221, 613]
	[221, 613]
	[221, 613]
	[221, 614]
	[221, 615]
	[221, 615]
	[221, 616]
	[221, 616]
	[221, 616]
	[221, 616]
	[221, 616]
	[221, 617]
	[221, 617]
	[221, 617]
	[221, 617]
	[221, 618]
	[221, 618]
	[221, 619]
	[221, 619]
	[221, 621]
	[221, 621]
	[221, 624]
	[221, 624]
	[221, 624]
	[221, 626]
	[221, 627]
	[221, 627]
	[221, 627]
	[221, 627]
	[221, 629]
	[221, 629]
	[221, 630]
	[221, 632]
	[221, 632]
	[221, 632]
	[221, 632]
	[221, 633]
	[221, 633]
	[221, 633]
	[221, 633]
	[221, 634]
	[221, 634]
	[221, 634]
	[221, 636]
	[221, 636]
	[221, 636]
	[221, 636]
	[221, 638]
	[221, 638]
	[221, 639]
	[221, 639]
	[221, 639]
	[221, 639]
	[221, 640]
	[221, 641]
	[221, 641]
	[221, 642]
	[221, 642]
	[221, 642]
	[221, 642]
	[221, 642]
	[221, 642]
	[221, 643]
	[221, 643]
	[222, 611]
	[222, 611]
	[222, 611]
	[222, 613]
	[222, 613]
	[222, 614]
	[222, 614]
	[222, 614]
	[222, 616]
	[222, 616]
	[222, 616]
	[222, 616]
	[222, 617]
	[222, 617]
	[222, 617]
	[222, 618]
	[222, 618]
	[222, 619]
	[222, 619]
	[222, 619]
	[222, 620]
	[222, 620]
	[222, 620]
	[222, 620]
	[222, 621]
	[222, 621]
	[222, 622]
	[222, 622]
	[222, 622]
	[222, 623]
	[222, 624]
	[222, 625]
	[222, 625]
	[222, 625]
	[222, 625]
	[222, 626]
	[222, 627]
	[222, 627]
	[222, 628]
	[222, 628]
	[222, 628]
	[222, 628]
	[222, 628]
	[222, 629]
	[222, 629]
	[222, 629]
	[222, 629]
	[222, 630]
	[222, 630]
	[222, 631]
	[222, 631]
	[222, 631]
	[222, 631]
	[222, 632]
	[222, 632]
	[222, 633]
	[222, 633]
	[222, 633]
	[222, 634]
	[222, 634]
	[222, 636]
	[222, 636]
	[222, 636]
	[222, 638]
	[222, 639]
	[222, 639]
	[222, 639]
	[222, 640]
	[222, 640]
	[222, 642]
	[222, 642]
	[222, 643]
	[222, 643]
	[223, 611]
	[223, 612]
	[223, 612]
	[223, 612]
	[223, 612]
	[223, 613]
	[223, 613]
	[223, 614]
	[223, 615]
	[223, 615]
	[223, 615]
	[223, 616]
	[223, 616]
	[223, 616]
	[223, 616]
	[223, 617]
	[223, 617]
	[223, 617]
	[223, 617]
	[223, 618]
	[223, 618]
	[223, 618]
	[223, 619]
	[223, 619]
	[223, 619]
	[223, 619]
	[223, 620]
	[223, 620]
	[223, 621]
	[223, 622]
	[223, 622]
	[223, 623]
	[223, 623]
	[223, 623]
	[223, 623]
	[223, 624]
	[223, 624]
	[223, 626]
	[223, 626]
	[223, 627]
	[223, 627]
	[223, 628]
	[223, 629]
	[223, 629]
	[223, 629]
	[223, 630]
	[223, 630]
	[223, 631]
	[223, 631]
	[223, 632]
	[223, 632]
	[223, 633]
	[223, 634]
	[223, 634]
	[223, 634]
	[223, 634]
	[223, 635]
	[223, 636]
	[223, 637]
	[223, 637]
	[223, 637]
	[223, 638]
	[223, 638]
	[223, 639]
	[223, 639]
	[223, 639]
	[223, 640]
	[223, 640]
	[223, 642]
	[224, 611]
	[224, 612]
	[224, 612]
	[224, 613]
	[224, 613]
	[224, 614]
	[224, 614]
	[224, 614]
	[224, 615]
	[224, 616]
	[224, 616]
	[224, 616]
	[224, 616]
	[224, 616]
	[224, 617]
	[224, 617]
	[224, 617]
	[224, 617]
	[224, 619]
	[224, 620]
	[224, 620]
	[224, 621]
	[224, 622]
	[224, 622]
	[224, 622]
	[224, 623]
	[224, 624]
	[224, 624]
	[224, 624]
	[224, 625]
	[224, 627]
	[224, 627]
	[224, 628]
	[224, 628]
	[224, 629]
	[224, 629]
	[224, 630]
	[224, 631]
	[224, 631]
	[224, 632]
	[224, 632]
	[224, 633]
	[224, 633]
	[224, 634]
	[224, 635]
	[224, 635]
	[224, 637]
	[224, 638]
	[224, 638]
	[224, 638]
	[224, 638]
	[224, 639]
	[224, 639]
	[224, 639]
	[224, 639]
	[224, 640]
	[224, 640]
	[224, 640]
	[224, 641]
	[224, 641]
	[224, 641]
	[224, 642]
	[224, 642]
	[224, 643]
	[225, 611]
	[225, 613]
	[225, 613]
	[225, 614]
	[225, 615]
	[225, 615]
	[225, 615]
	[225, 615]
	[225, 616]
	[225, 617]
	[225, 617]
	[225, 617]
	[225, 618]
	[225, 618]
	[225, 618]
	[225, 619]
	[225, 619]
	[225, 619]
	[225, 619]
	[225, 619]
	[225, 620]
	[225, 620]
	[225, 620]
	[225, 621]
	[225, 621]
	[225, 621]
	[225, 622]
	[225, 622]
	[225, 622]
	[225, 623]
	[225, 623]
	[225, 624]
	[225, 624]
	[225, 624]
	[225, 625]
	[225, 626]
	[225, 627]
	[225, 627]
	[225, 627]
	[225, 627]
	[225, 627]
	[225, 629]
	[225, 629]
	[225, 629]
	[225, 630]
	[225, 631]
	[225, 631]
	[225, 631]
	[225, 632]
	[225, 633]
	[225, 633]
	[225, 633]
	[225, 634]
	[225, 634]
	[225, 634]
	[225, 634]
	[225, 635]
	[225, 636]
	[225, 637]
	[225, 637]
	[225, 637]
	[225, 638]
	[225, 639]
	[225, 639]
	[225, 639]
	[225, 639]
	[225, 640]
	[225, 640]
	[225, 640]
	[225, 640]
	[225, 640]
	[225, 641]
	[225, 641]
	[225, 642]
	[226, 611]
	[226, 611]
	[226, 611]
	[226, 611]
	[226, 612]
	[226, 613]
	[226, 614]
	[226, 615]
	[226, 615]
	[226, 616]
	[226, 616]
	[226, 617]
	[226, 617]
	[226, 618]
	[226, 618]
	[226, 619]
	[226, 619]
	[226, 619]
	[226, 620]
	[226, 620]
	[226, 620]
	[226, 620]
	[226, 620]
	[226, 621]
	[226, 623]
	[226, 624]
	[226, 624]
	[226, 626]
	[226, 626]
	[226, 626]
	[226, 626]
	[226, 627]
	[226, 627]
	[226, 628]
	[226, 628]
	[226, 628]
	[226, 629]
	[226, 629]
	[226, 629]
	[226, 630]
	[226, 631]
	[226, 631]
	[226, 631]
	[226, 632]
	[226, 633]
	[226, 633]
	[226, 634]
	[226, 635]
	[226, 635]
	[226, 636]
	[226, 636]
	[226, 636]
	[226, 636]
	[226, 636]
	[226, 636]
	[226, 637]
	[226, 637]
	[226, 637]
	[226, 637]
	[226, 638]
	[226, 638]
	[226, 638]
	[226, 639]
	[226, 640]
	[226, 641]
	[226, 641]
	[226, 642]
	[226, 642]
	[226, 642]
	[227, 612]
	[227, 613]
	[227, 613]
	[227, 613]
	[227, 614]
	[227, 614]
	[227, 616]
	[227, 618]
	[227, 618]
	[227, 619]
	[227, 619]
	[227, 620]
	[227, 621]
	[227, 622]
	[227, 622]
	[227, 622]
	[227, 623]
	[227, 623]
	[227, 623]
	[227, 623]
	[227, 624]
	[227, 625]
	[227, 626]
	[227, 626]
	[227, 627]
	[227, 627]
	[227, 627]
	[227, 627]
	[227, 628]
	[227, 628]
	[227, 628]
	[227, 628]
	[227, 629]
	[227, 629]
	[227, 629]
	[227, 630]
	[227, 632]
	[227, 632]
	[227, 632]
	[227, 632]
	[227, 633]
	[227, 633]
	[227, 634]
	[227, 635]
	[227, 636]
	[227, 636]
	[227, 636]
	[227, 636]
	[227, 637]
	[227, 637]
	[227, 637]
	[227, 637]
	[227, 639]
	[227, 639]
	[227, 639]
	[227, 639]
	[227, 640]
	[227, 641]
	[227, 641]
	[227, 641]
	[227, 642]
	[227, 643]
	[227, 643]
	[227, 643]
	[227, 643]
	[228, 611]
	[228, 612]
	[228, 613]
	[228, 613]
	[228, 613]
	[228, 614]
	[228, 614]
	[228, 614]
	[228, 614]
	[228, 615]
	[228, 616]
	[228, 616]
	[228, 618]
	[228, 618]
	[228, 618]
	[228, 618]
	[228, 619]
	[228, 619]
	[228, 622]
	[228, 622]
	[228, 623]
	[228, 623]
	[228, 624]
	[228, 625]
	[228, 625]
	[228, 625]
	[228, 626]
	[228, 626]
	[228, 626]
	[228, 627]
	[228, 629]
	[228, 629]
	[228, 629]
	[228, 630]
	[228, 630]
	[228, 632]
	[228, 632]
	[228, 632]
	[228, 633]
	[228, 635]
	[228, 637]
	[228, 638]
	[228, 638]
	[228, 639]
	[228, 639]
	[228, 639]
	[228, 640]
	[228, 641]
	[228, 641]
	[228, 642]
	[228, 642]
	[228, 643]
	[229, 611]
	[229, 612]
	[229, 612]
	[229, 612]
	[229, 612]
	[229, 613]
	[229, 613]
	[229, 614]
	[229, 614]
	[229, 614]
	[229, 615]
	[229, 616]
	[229, 616]
	[229, 617]
	[229, 617]
	[229, 617]
	[229, 617]
	[229, 618]
	[229, 618]
	[229, 618]
	[229, 619]
	[229, 619]
	[229, 619]
	[229, 619]
	[229, 619]
	[229, 620]
	[229, 620]
	[229, 621]
	[229, 624]
	[229, 624]
	[229, 624]
	[229, 625]
	[229, 625]
	[229, 625]
	[229, 625]
	[229, 625]
	[229, 626]
	[229, 626]
	[229, 626]
	[229, 626]
	[229, 626]
	[229, 628]
	[229, 628]
	[229, 628]
	[229, 628]
	[229, 629]
	[229, 629]
	[229, 630]
	[229, 631]
	[229, 631]
	[229, 631]
	[229, 632]
	[229, 633]
	[229, 633]
	[229, 634]
	[229, 634]
	[229, 634]
	[229, 634]
	[229, 635]
	[229, 635]
	[229, 635]
	[229, 637]
	[229, 638]
	[229, 638]
	[229, 638]
	[229, 639]
	[229, 639]
	[229, 639]
	[229, 639]
	[229, 639]
	[229, 639]
	[229, 640]
	[229, 640]
	[229, 641]
	[229, 641]
	[229, 642]
	[229, 643]
	[229, 643]
	[229, 643]
	[230, 613]
	[230, 614]
	[230, 614]
	[230, 615]
	[230, 615]
	[230, 616]
	[230, 616]
	[230, 619]
	[230, 620]
	[230, 620]
	[230, 621]
	[230, 622]
	[230, 623]
	[230, 624]
	[230, 624]
	[230, 624]
	[230, 624]
	[230, 626]
	[230, 626]
	[230, 626]
	[230, 628]
	[230, 628]
	[230, 629]
	[230, 629]
	[230, 630]
	[230, 630]
	[230, 630]
	[230, 630]
	[230, 631]
	[230, 631]
	[230, 632]
	[230, 633]
	[230, 633]
	[230, 634]
	[230, 634]
	[230, 634]
	[230, 634]
	[230, 635]
	[230, 636]
	[230, 636]
	[230, 636]
	[230, 638]
	[230, 638]
	[230, 638]
	[230, 638]
	[230, 641]
	[230, 642]
	[230, 642]
	[230, 642]
	[230, 643]
	[230, 643]
	[230, 643]
	[231, 612]
	[231, 612]
	[231, 613]
	[231, 614]
	[231, 614]
	[231, 614]
	[231, 614]
	[231, 614]
	[231, 615]
	[231, 615]
	[231, 615]
	[231, 615]
	[231, 615]
	[231, 616]
	[231, 617]
	[231, 617]
	[231, 618]
	[231, 618]
	[231, 619]
	[231, 619]
	[231, 620]
	[231, 620]
	[231, 620]
	[231, 621]
	[231, 622]
	[231, 622]
	[231, 622]
	[231, 622]
	[231, 623]
	[231, 624]
	[231, 625]
	[231, 625]
	[231, 626]
	[231, 626]
	[231, 626]
	[231, 626]
	[231, 626]
	[231, 628]
	[231, 629]
	[231, 630]
	[231, 630]
	[231, 630]
	[231, 632]
	[231, 632]
	[231, 632]
	[231, 633]
	[231, 633]
	[231, 633]
	[231, 633]
	[231, 634]
	[231, 634]
	[231, 634]
	[231, 635]
	[231, 636]
	[231, 637]
	[231, 638]
	[231, 639]
	[231, 639]
	[231, 639]
	[231, 640]
	[231, 640]
	[231, 640]
	[231, 640]
	[231, 640]
	[231, 642]
	[231, 642]
	[232, 611]
	[232, 611]
	[232, 611]
	[232, 611]
	[232, 612]
	[232, 613]
	[232, 614]
	[232, 616]
	[232, 616]
	[232, 616]
	[232, 616]
	[232, 617]
	[232, 618]
	[232, 619]
	[232, 619]
	[232, 619]
	[232, 620]
	[232, 620]
	[232, 621]
	[232, 621]
	[232, 621]
	[232, 621]
	[232, 621]
	[232, 622]
	[232, 622]
	[232, 622]
	[232, 623]
	[232, 624]
	[232, 624]
	[232, 624]
	[232, 625]
	[232, 626]
	[232, 627]
	[232, 627]
	[232, 627]
	[232, 628]
	[232, 630]
	[232, 630]
	[232, 631]
	[232, 631]
	[232, 631]
	[232, 631]
	[232, 632]
	[232, 634]
	[232, 635]
	[232, 635]
	[232, 635]
	[232, 635]
	[232, 636]
	[232, 637]
	[232, 637]
	[232, 637]
	[232, 638]
	[232, 638]
	[232, 639]
	[232, 639]
	[232, 640]
	[232, 640]
	[232, 641]
	[232, 642]
	[232, 643]
	[232, 643]
	[233, 612]
	[233, 612]
	[233, 613]
	[233, 613]
	[233, 613]
	[233, 616]
	[233, 618]
	[233, 618]
	[233, 619]
	[233, 620]
	[233, 620]
	[233, 621]
	[233, 621]
	[233, 622]
	[233, 623]
	[233, 623]
	[233, 623]
	[233, 623]
	[233, 624]
	[233, 624]
	[233, 624]
	[233, 624]
	[233, 625]
	[233, 626]
	[233, 627]
	[233, 627]
	[233, 628]
	[233, 628]
	[233, 629]
	[233, 630]
	[233, 630]
	[233, 630]
	[233, 631]
	[233, 631]
	[233, 631]
	[233, 631]
	[233, 631]
	[233, 632]
	[233, 632]
	[233, 632]
	[233, 632]
	[233, 633]
	[233, 633]
	[233, 634]
	[233, 635]
	[233, 635]
	[233, 635]
	[233, 635]
	[233, 635]
	[233, 635]
	[233, 636]
	[233, 636]
	[233, 637]
	[233, 637]
	[233, 637]
	[233, 638]
	[233, 638]
	[233, 638]
	[233, 639]
	[233, 639]
	[233, 639]
	[233, 640]
	[233, 641]
	[233, 641]
	[233, 642]
	[233, 642]
	[233, 642]
	[233, 643]
	[233, 643]
	[234, 611]
	[234, 612]
	[234, 613]
	[234, 614]
	[234, 615]
	[234, 615]
	[234, 616]
	[234, 616]
	[234, 616]
	[234, 616]
	[234, 616]
	[234, 617]
	[234, 617]
	[234, 617]
	[234, 618]
	[234, 618]
	[234, 618]
	[234, 619]
	[234, 619]
	[234, 620]
	[234, 622]
	[234, 622]
	[234, 623]
	[234, 623]
	[234, 624]
	[234, 624]
	[234, 624]
	[234, 625]
	[234, 627]
	[234, 627]
	[234, 628]
	[234, 629]
	[234, 631]
	[234, 631]
	[234, 632]
	[234, 632]
	[234, 632]
	[234, 633]
	[234, 633]
	[234, 633]
	[234, 634]
	[234, 634]
	[234, 635]
	[234, 635]
	[234, 635]
	[234, 636]
	[234, 636]
	[234, 637]
	[234, 637]
	[234, 637]
	[234, 638]
	[234, 638]
	[234, 638]
	[234, 639]
	[234, 640]
	[234, 640]
	[234, 641]
	[234, 641]
	[234, 642]
	[234, 642]
	[235, 611]
	[235, 611]
	[235, 611]
	[235, 612]
	[235, 612]
	[235, 612]
	[235, 612]
	[235, 612]
	[235, 613]
	[235, 614]
	[235, 614]
	[235, 615]
	[235, 616]
	[235, 617]
	[235, 619]
	[235, 619]
	[235, 620]
	[235, 620]
	[235, 620]
	[235, 621]
	[235, 622]
	[235, 622]
	[235, 623]
	[235, 623]
	[235, 623]
	[235, 624]
	[235, 624]
	[235, 625]
	[235, 625]
	[235, 627]
	[235, 627]
	[235, 628]
	[235, 629]
	[235, 629]
	[235, 629]
	[235, 629]
	[235, 629]
	[235, 631]
	[235, 631]
	[235, 631]
	[235, 632]
	[235, 634]
	[235, 634]
	[235, 635]
	[235, 636]
	[235, 637]
	[235, 638]
	[235, 638]
	[235, 638]
	[235, 639]
	[235, 639]
	[235, 639]
	[235, 640]
	[235, 640]
	[235, 640]
	[235, 641]
	[235, 642]
	[235, 643]
	[236, 611]
	[236, 612]
	[236, 612]
	[236, 613]
	[236, 614]
	[236, 614]
	[236, 615]
	[236, 616]
	[236, 616]
	[236, 617]
	[236, 617]
	[236, 617]
	[236, 617]
	[236, 617]
	[236, 617]
	[236, 618]
	[236, 619]
	[236, 619]
	[236, 620]
	[236, 620]
	[236, 621]
	[236, 621]
	[236, 621]
	[236, 621]
	[236, 622]
	[236, 622]
	[236, 623]
	[236, 625]
	[236, 625]
	[236, 626]
	[236, 627]
	[236, 627]
	[236, 627]
	[236, 628]
	[236, 629]
	[236, 629]
	[236, 630]
	[236, 630]
	[236, 630]
	[236, 630]
	[236, 631]
	[236, 631]
	[236, 631]
	[236, 631]
	[236, 632]
	[236, 632]
	[236, 632]
	[236, 633]
	[236, 633]
	[236, 633]
	[236, 634]
	[236, 634]
	[236, 634]
	[236, 634]
	[236, 635]
	[236, 635]
	[236, 635]
	[236, 636]
	[236, 637]
	[236, 637]
	[236, 639]
	[236, 640]
	[236, 640]
	[236, 641]
	[236, 641]
	[236, 641]
	[236, 642]
	[236, 642]
	[236, 642]
	[236, 642]
	[237, 611]
	[237, 611]
	[237, 613]
	[237, 614]
	[237, 614]
	[237, 614]
	[237, 614]
	[237, 614]
	[237, 615]
	[237, 615]
	[237, 615]
	[237, 615]
	[237, 615]
	[237, 615]
	[237, 616]
	[237, 617]
	[237, 617]
	[237, 618]
	[237, 618]
	[237, 619]
	[237, 619]
	[237, 619]
	[237, 619]
	[237, 620]
	[237, 620]
	[237, 621]
	[237, 622]
	[237, 623]
	[237, 623]
	[237, 623]
	[237, 624]
	[237, 624]
	[237, 624]
	[237, 624]
	[237, 624]
	[237, 624]
	[237, 625]
	[237, 625]
	[237, 625]
	[237, 625]
	[237, 627]
	[237, 628]
	[237, 628]
	[237, 629]
	[237, 630]
	[237, 630]
	[237, 631]
	[237, 631]
	[237, 631]
	[237, 631]
	[237, 632]
	[237, 633]
	[237, 633]
	[237, 634]
	[237, 634]
	[237, 635]
	[237, 636]
	[237, 636]
	[237, 637]
	[237, 637]
	[237, 637]
	[237, 638]
	[237, 638]
	[237, 638]
	[237, 638]
	[237, 639]
	[237, 639]
	[237, 639]
	[237, 640]
	[237, 640]
	[237, 640]
	[237, 641]
	[237, 641]
	[237, 641]
	[237, 642]
	[237, 643]
	[237, 643]
	[238, 611]
	[238, 611]
	[238, 612]
	[238, 612]
	[238, 613]
	[238, 613]
	[238, 613]
	[238, 615]
	[238, 616]
	[238, 617]
	[238, 617]
	[238, 618]
	[238, 619]
	[238, 619]
	[238, 620]
	[238, 620]
	[238, 620]
	[238, 621]
	[238, 621]
	[238, 621]
	[238, 621]
	[238, 622]
	[238, 622]
	[238, 622]
	[238, 623]
	[238, 623]
	[238, 623]
	[238, 623]
	[238, 624]
	[238, 624]
	[238, 624]
	[238, 627]
	[238, 627]
	[238, 627]
	[238, 627]
	[238, 628]
	[238, 628]
	[238, 628]
	[238, 629]
	[238, 629]
	[238, 629]
	[238, 629]
	[238, 629]
	[238, 630]
	[238, 632]
	[238, 634]
	[238, 634]
	[238, 634]
	[238, 635]
	[238, 636]
	[238, 636]
	[238, 637]
	[238, 637]
	[238, 637]
	[238, 637]
	[238, 637]
	[238, 638]
	[238, 640]
	[238, 640]
	[238, 641]
	[238, 641]
	[238, 641]
	[238, 641]
	[238, 642]
	[238, 643]
	[238, 643]
	[238, 643]
	[238, 643]
	[238, 643]
	[239, 611]
	[239, 612]
	[239, 613]
	[239, 615]
	[239, 615]
	[239, 615]
	[239, 616]
	[239, 616]
	[239, 616]
	[239, 616]
	[239, 617]
	[239, 617]
	[239, 617]
	[239, 618]
	[239, 618]
	[239, 618]
	[239, 618]
	[239, 619]
	[239, 619]
	[239, 619]
	[239, 620]
	[239, 621]
	[239, 622]
	[239, 622]
	[239, 622]
	[239, 622]
	[239, 623]
	[239, 623]
	[239, 623]
	[239, 623]
	[239, 624]
	[239, 625]
	[239, 625]
	[239, 625]
	[239, 625]
	[239, 626]
	[239, 626]
	[239, 626]
	[239, 626]
	[239, 627]
	[239, 627]
	[239, 629]
	[239, 630]
	[239, 631]
	[239, 631]
	[239, 631]
	[239, 631]
	[239, 632]
	[239, 632]
	[239, 633]
	[239, 633]
	[239, 634]
	[239, 634]
	[239, 634]
	[239, 635]
	[239, 635]
	[239, 636]
	[239, 636]
	[239, 637]
	[239, 637]
	[239, 638]
	[239, 639]
	[239, 639]
	[239, 640]
	[239, 641]
	[239, 641]
	[239, 641]
	[239, 641]
	[239, 643]
	[239, 643]
	[240, 611]
	[240, 611]
	[240, 611]
	[240, 612]
	[240, 614]
	[240, 614]
	[240, 614]
	[240, 615]
	[240, 615]
	[240, 616]
	[240, 616]
	[240, 619]
	[240, 620]
	[240, 620]
	[240, 620]
	[240, 620]
	[240, 621]
	[240, 621]
	[240, 621]
	[240, 622]
	[240, 622]
	[240, 623]
	[240, 623]
	[240, 623]
	[240, 623]
	[240, 624]
	[240, 624]
	[240, 624]
	[240, 624]
	[240, 625]
	[240, 625]
	[240, 626]
	[240, 626]
	[240, 627]
	[240, 628]
	[240, 628]
	[240, 628]
	[240, 628]
	[240, 629]
	[240, 629]
	[240, 629]
	[240, 629]
	[240, 631]
	[240, 631]
	[240, 634]
	[240, 635]
	[240, 635]
	[240, 635]
	[240, 635]
	[240, 635]
	[240, 636]
	[240, 636]
	[240, 637]
	[240, 638]
	[240, 638]
	[240, 638]
	[240, 639]
	[240, 639]
	[240, 639]
	[240, 640]
	[240, 640]
	[240, 640]
	[240, 641]
	[240, 641]
	[240, 642]
	[240, 642]
	[240, 642]
	[240, 642]
	[240, 643]
	[240, 643]
	[240, 643]
	[241, 611]
	[241, 611]
	[241, 611]
	[241, 612]
	[241, 612]
	[241, 614]
	[241, 614]
	[241, 615]
	[241, 615]
	[241, 616]
	[241, 616]
	[241, 616]
	[241, 617]
	[241, 617]
	[241, 618]
	[241, 618]
	[241, 619]
	[241, 620]
	[241, 621]
	[241, 621]
	[241, 622]
	[241, 623]
	[241, 624]
	[241, 625]
	[241, 625]
	[241, 625]
	[241, 626]
	[241, 627]
	[241, 627]
	[241, 627]
	[241, 628]
	[241, 628]
	[241, 629]
	[241, 630]
	[241, 631]
	[241, 631]
	[241, 631]
	[241, 632]
	[241, 634]
	[241, 635]
	[241, 635]
	[241, 635]
	[241, 636]
	[241, 636]
	[241, 637]
	[241, 637]
	[241, 638]
	[241, 638]
	[241, 638]
	[241, 639]
	[241, 640]
	[241, 641]
	[241, 642]
	[241, 642]
	[241, 643]
	[241, 643]
	[242, 611]
	[242, 611]
	[242, 611]
	[242, 611]
	[242, 611]
	[242, 612]
	[242, 612]
	[242, 612]
	[242, 613]
	[242, 614]
	[242, 614]
	[242, 614]
	[242, 614]
	[242, 614]
	[242, 615]
	[242, 616]
	[242, 616]
	[242, 617]
	[242, 617]
	[242, 618]
	[242, 618]
	[242, 618]
	[242, 618]
	[242, 618]
	[242, 619]
	[242, 619]
	[242, 620]
	[242, 620]
	[242, 621]
	[242, 621]
	[242, 621]
	[242, 621]
	[242, 623]
	[242, 623]
	[242, 623]
	[242, 625]
	[242, 626]
	[242, 627]
	[242, 627]
	[242, 628]
	[242, 629]
	[242, 629]
	[242, 629]
	[242, 630]
	[242, 630]
	[242, 630]
	[242, 631]
	[242, 631]
	[242, 632]
	[242, 633]
	[242, 633]
	[242, 633]
	[242, 634]
	[242, 634]
	[242, 634]
	[242, 635]
	[242, 636]
	[242, 636]
	[242, 637]
	[242, 637]
	[242, 638]
	[242, 638]
	[242, 638]
	[242, 640]
	[242, 640]
	[242, 642]
	[242, 643]
	[242, 643]
	[242, 643]
	[243, 611]
	[243, 611]
	[243, 612]
	[243, 613]
	[243, 614]
	[243, 614]
	[243, 614]
	[243, 614]
	[243, 615]
	[243, 615]
	[243, 617]
	[243, 617]
	[243, 618]
	[243, 618]
	[243, 618]
	[243, 619]
	[243, 620]
	[243, 621]
	[243, 622]
	[243, 622]
	[243, 623]
	[243, 624]
	[243, 624]
	[243, 624]
	[243, 624]
	[243, 626]
	[243, 626]
	[243, 626]
	[243, 627]
	[243, 627]
	[243, 627]
	[243, 627]
	[243, 628]
	[243, 628]
	[243, 629]
	[243, 630]
	[243, 630]
	[243, 631]
	[243, 631]
	[243, 631]
	[243, 632]
	[243, 632]
	[243, 634]
	[243, 635]
	[243, 635]
	[243, 637]
	[243, 638]
	[243, 638]
	[243, 639]
	[243, 639]
	[243, 641]
	[243, 641]
	[243, 641]
	[243, 641]
	[243, 642]
	[243, 642]
	[243, 642]
	[243, 642]
	[243, 643]
	[243, 643]
	[244, 611]
	[244, 611]
	[244, 612]
	[244, 613]
	[244, 613]
	[244, 613]
	[244, 613]
	[244, 614]
	[244, 615]
	[244, 616]
	[244, 616]
	[244, 618]
	[244, 618]
	[244, 618]
	[244, 619]
	[244, 619]
	[244, 619]
	[244, 619]
	[244, 619]
	[244, 619]
	[244, 619]
	[244, 620]
	[244, 621]
	[244, 621]
	[244, 622]
	[244, 622]
	[244, 622]
	[244, 622]
	[244, 622]
	[244, 623]
	[244, 623]
	[244, 624]
	[244, 624]
	[244, 624]
	[244, 625]
	[244, 626]
	[244, 626]
	[244, 626]
	[244, 627]
	[244, 628]
	[244, 628]
	[244, 631]
	[244, 631]
	[244, 631]
	[244, 631]
	[244, 631]
	[244, 631]
	[244, 631]
	[244, 632]
	[244, 633]
	[244, 635]
	[244, 636]
	[244, 636]
	[244, 637]
	[244, 637]
	[244, 637]
	[244, 638]
	[244, 638]
	[244, 638]
	[244, 638]
	[244, 639]
	[244, 639]
	[244, 639]
	[244, 640]
	[244, 640]
	[244, 640]
	[244, 641]
	[244, 641]
	[244, 642]
	[244, 642]
	[244, 643]
	[244, 643]
	[245, 611]
	[245, 611]
	[245, 612]
	[245, 612]
	[245, 612]
	[245, 613]
	[245, 615]
	[245, 616]
	[245, 617]
	[245, 617]
	[245, 618]
	[245, 619]
	[245, 619]
	[245, 620]
	[245, 620]
	[245, 621]
	[245, 621]
	[245, 621]
	[245, 622]
	[245, 622]
	[245, 622]
	[245, 622]
	[245, 622]
	[245, 624]
	[245, 624]
	[245, 625]
	[245, 626]
	[245, 626]
	[245, 626]
	[245, 627]
	[245, 629]
	[245, 630]
	[245, 631]
	[245, 632]
	[245, 632]
	[245, 632]
	[245, 635]
	[245, 635]
	[245, 635]
	[245, 636]
	[245, 636]
	[245, 637]
	[245, 638]
	[245, 639]
	[245, 639]
	[245, 640]
	[245, 641]
	[245, 641]
	[245, 641]
	[245, 642]
	[246, 613]
	[246, 614]
	[246, 615]
	[246, 615]
	[246, 616]
	[246, 616]
	[246, 616]
	[246, 617]
	[246, 617]
	[246, 618]
	[246, 618]
	[246, 619]
	[246, 619]
	[246, 620]
	[246, 620]
	[246, 622]
	[246, 623]
	[246, 624]
	[246, 624]
	[246, 624]
	[246, 624]
	[246, 624]
	[246, 625]
	[246, 626]
	[246, 626]
	[246, 626]
	[246, 626]
	[246, 626]
	[246, 626]
	[246, 627]
	[246, 627]
	[246, 629]
	[246, 629]
	[246, 629]
	[246, 629]
	[246, 629]
	[246, 630]
	[246, 630]
	[246, 630]
	[246, 630]
	[246, 630]
	[246, 631]
	[246, 632]
	[246, 632]
	[246, 633]
	[246, 633]
	[246, 633]
	[246, 633]
	[246, 634]
	[246, 635]
	[246, 635]
	[246, 635]
	[246, 635]
	[246, 636]
	[246, 636]
	[246, 638]
	[246, 638]
	[246, 639]
	[246, 640]
	[246, 640]
	[246, 641]
	[246, 641]
	[246, 641]
	[246, 641]
	[246, 642]
	[246, 643]
	[246, 643]
Query: (1, 65, 1000, 1064)
	[1, 1000]
	[1, 1000]
	[1, 1000]
	[1, 1000]
	[1, 1000]
	[1, 1001]
	[1, 1001]
	[1, 1001]
	[1, 1002]
	[1, 1002]
	[1, 1002]
	[1, 1003]
	[1, 1003]
	[1, 1004]
	[1, 1006]
	[1, 1007]
	[1, 1007]
	[1, 1008]
	[1, 1009]
	[1, 1009]
	[1, 1009]
	[1, 1013]
	[1, 1013]
	[1, 1013]
	[1, 1014]
	[1, 1014]
	[1, 1015]
	[1, 1015]
	[1, 1015]
	[1, 1016]
	[1, 1017]
	[1, 1018]
	[1, 1018]
	[1, 1018]
	[1, 1018]
	[1, 1018]
	[1, 1019]
	[1, 1020]
	[1, 1021]
	[1, 1022]
	[1, 1022]
	[1, 1023]
	[2, 1000]
	[2, 1000]
	[2, 1001]
	[2, 1003]
	[2, 1003]
	[2, 1003]
	[2, 1004]
	[2, 1004]
	[2, 1004]
	[2, 1005]
	[2, 1006]
	[2, 1006]
	[2, 1006]
	[2, 1007]
	[2, 1007]
	[2, 1007]
	[2, 1009]
	[2, 1010]
	[2, 1010]
	[2, 1010]
	[2, 1011]
	[2, 1012]
	[2, 1012]
	[2, 1013]
	[2, 1015]
	[2, 1015]
	[2, 1016]
	[2, 1016]
	[2, 1017]
	[2, 1018]
	[2, 1018]
	[2, 1018]
	[2, 1018]
	[2, 1018]
	[2, 1019]
	[2, 1019]
	[2, 1019]
	[2, 1019]
	[2, 1019]
	[2, 1020]
	[2, 1020]
	[2, 1021]
	[2, 1021]
	[2, 1023]
	[2, 1023]
	[2, 1023]
	[2, 1023]
	[2, 1023]
	[2, 1024]
	[3, 1001]
	[3, 1002]
	[3, 1004]
	[3, 1004]
	[3, 1004]
	[3, 1005]
	[3, 1005]
	[3, 1006]
	[3, 1006]
	[3, 1006]
	[3, 1006]
	[3, 1006]
	[3, 1007]
	[3, 1007]
	[3, 1007]
	[3, 1007]
	[3, 1007]
	[3, 1008]
	[3, 1008]
	[3, 1008]
	[3, 1009]
	[3, 1009]
	[3, 1010]
	[3, 1011]
	[3, 1012]
	[3, 1012]
	[3, 1013]
	[3, 1014]
	[3, 1015]
	[3, 1015]
	[3, 1015]
	[3, 1015]
	[3, 1016]
	[3, 1016]
	[3, 1016]
	[3, 1016]
	[3, 1016]
	[3, 1016]
	[3, 1017]
	[3, 1017]
	[3, 1017]
	[3, 1017]
	[3, 1017]
	[3, 1019]
	[3, 1019]
	[3, 1019]
	[3, 1020]
	[3, 1020]
	[3, 1020]
	[3, 1020]
	[3, 1021]
	[3, 1022]
	[3, 1023]
	[3, 1024]
	[3, 1024]
	[3, 1024]
	[3, 1024]
	[3, 1024]
	[3, 1024]
	[4, 1001]
	[4, 1002]
	[4, 1003]
	[4, 1004]
	[4, 1004]
	[4, 1004]
	[4, 1005]
	[4, 1006]
	[4, 1006]
	[4, 1007]
	[4, 1008]
	[4, 1008]
	[4, 1009]
	[4, 1010]
	[4, 1011]
	[4, 1012]
	[4, 1012]
	[4, 1012]
	[4, 1012]
	[4, 1013]
	[4, 1013]
	[4, 1014]
	[4, 1014]
	[4, 1014]
	[4, 1015]
	[4, 1016]
	[4, 1016]
	[4, 1016]
	[4, 1016]
	[4, 1016]
	[4, 1016]
	[4, 1016]
	[4, 1017]
	[4, 1018]
	[4, 1018]
	[4, 1020]
	[4, 1020]
	[4, 1021]
	[4, 1021]
	[4, 1021]
	[4, 1022]
	[4, 1023]
	[4, 1024]
	[4, 1024]
	[4, 1024]
	[4, 1024]
	[5, 1000]
	[5, 1000]
	[5, 1000]
	[5, 1001]
	[5, 1001]
	[5, 1002]
	[5, 1003]
	[5, 1003]
	[5, 1003]
	[5, 1003]
	[5, 1004]
	[5, 1004]
	[5, 1006]
	[5, 1006]
	[5, 1007]
	[5, 1007]
	[5, 1008]
	[5, 1008]
	[5, 1010]
	[5, 1010]
	[5, 1010]
	[5, 1010]
	[5, 1011]
	[5, 1012]
	[5, 1012]
	[5, 1012]
	[5, 1013]
	[5, 1013]
	[5, 1015]
	[5, 1015]
	[5, 1015]
	[5, 1016]
	[5, 1017]
	[5, 1017]
	[5, 1017]
	[5, 1017]
	[5, 1018]
	[5, 1018]
	[5, 1019]
	[5, 1019]
	[5, 1019]
	[5, 1020]
	[5, 1020]
	[5, 1020]
	[5, 1021]
	[5, 1021]
	[5, 1022]
	[5, 1023]
	[5, 1024]
	[5, 1024]
	[5, 1024]
	[5, 1024]
	[6, 1000]
	[6, 1000]
	[6, 1001]
	[6, 1002]
	[6, 1002]
	[6, 1002]
	[6, 1002]
	[6, 1002]
	[6, 1002]
	[6, 1004]
	[6, 1004]
	[6, 1004]
	[6, 1004]
	[6, 1004]
	[6, 1004]
	[6, 1005]
	[6, 1006]
	[6, 1006]
	[6, 1007]
	[6, 1009]
	[6, 1009]
	[6, 1009]
	[6, 1010]
	[6, 1010]
	[6, 1010]
	[6, 1010]
	[6, 1011]
	[6, 1011]
	[6, 1011]
	[6, 1012]
	[6, 1012]
	[6, 1012]
	[6, 1014]
	[6, 1014]
	[6, 1016]
	[6, 1016]
	[6, 1016]
	[6, 1017]
	[6, 1017]
	[6, 1017]
	[6, 1017]
	[6, 1017]
	[6, 1018]
	[6, 1018]
	[6, 1019]
	[6, 1019]
	[6, 1020]
	[6, 1021]
	[6, 1021]
	[6, 1022]
	[6, 1022]
	[6, 1023]
	[6, 1023]
	[6, 1023]
	[6, 1024]
	[6, 1024]
	[7, 1000]
	[7, 1000]
	[7, 1001]
	[7, 1001]
	[7, 1001]
	[7, 1001]
	[7, 1001]
	[7, 1001]
	[7, 1002]
	[7, 1002]
	[7, 1004]
	[7, 1004]
	[7, 1004]
	[7, 1006]
	[7, 1007]
	[7, 1007]
	[7, 1008]
	[7, 1008]
	[7, 1008]
	[7, 1008]
	[7, 1009]
	[7, 1009]
	[7, 1010]
	[7, 1010]
	[7, 1010]
	[7, 1010]
	[7, 1011]
	[7, 1011]
	[7, 1012]
	[7, 1013]
	[7, 1013]
	[7, 1013]
	[7, 1013]
	[7, 1013]
	[7, 1014]
	[7, 1015]
	[7, 1016]
	[7, 1016]
	[7, 1017]
	[7, 1018]
	[7, 1018]
	[7, 1019]
	[7, 1019]
	[7, 1020]
	[7, 1020]
	[7, 1020]
	[7, 1020]
	[7, 1020]
	[7, 1020]
	[7, 1021]
	[7, 1021]
	[7, 1021]
	[7, 1021]
	[7, 1022]
	[7, 1022]
	[7, 1022]
	[7, 1022]
	[7, 1024]
	[7, 1024]
	[8, 1000]
	[8, 1001]
	[8, 1002]
	[8, 1002]
	[8, 1006]
	[8, 1007]
	[8, 1007]
	[8, 1007]
	[8, 1007]
	[8, 1007]
	[8, 1008]
	[8, 1008]
	[8, 1009]
	[8, 1009]
	[8, 1009]
	[8, 1009]
	[8, 1010]
	[8, 1010]
	[8, 1011]
	[8, 1012]
	[8, 1013]
	[8, 1013]
	[8, 1014]
	[8, 1015]
	[8, 1015]
	[8, 1015]
	[8, 1015]
	[8, 1016]
	[8, 1016]
	[8, 1016]
	[8, 1016]
	[8, 1016]
	[8, 1018]
	[8, 1019]
	[8, 1019]
	[8, 1019]
	[8, 1020]
	[8, 1021]
	[8, 1021]
	[8, 1022]
	[8, 1023]
	[8, 1024]
	[8, 1024]
	[9, 1000]
	[9, 1000]
	[9, 1001]
	[9, 1002]
	[9, 1002]
	[9, 1002]
	[9, 1003]
	[9, 1003]
	[9, 1003]
	[9, 1003]
	[9, 1004]
	[9, 1004]
	[9, 1005]
	[9, 1005]
	[9, 1005]
	[9, 1005]
	[9, 1006]
	[9, 1007]
	[9, 1007]
	[9, 1007]
	[9, 1008]
	[9, 1008]
	[9, 1008]
	[9, 1008]
	[9, 1009]
	[9, 1010]
	[9, 1010]
	[9, 1011]
	[9, 1011]
	[9, 1011]
	[9, 1012]
	[9, 1013]
	[9, 1014]
	[9, 1014]
	[9, 1014]
	[9, 1015]
	[9, 1016]
	[9, 1017]
	[9, 1017]
	[9, 1018]
	[9, 1019]
	[9, 1020]
	[9, 1020]
	[9, 1021]
	[9, 1022]
	[9, 1022]
	[9, 1023]
	[9, 1023]
	[9, 1023]
	[10, 1000]
	[10, 1000]
	[10, 1000]
	[10, 1000]
	[10, 1000]
	[10, 1001]
	[10, 1001]
	[10, 1001]
	[10, 1001]
	[10, 1001]
	[10, 1001]
	[10, 1002]
	[10, 1004]
	[10, 1005]
	[10, 1007]
	[10, 1007]
	[10, 1008]
	[10, 1008]
	[10, 1010]
	[10, 1011]
	[10, 1011]
	[10, 1011]
	[10, 1012]
	[10, 1012]
	[10, 1012]
	[10, 1013]
	[10, 1013]
	[10, 1014]
	[10, 1015]
	[10, 1015]
	[10, 1016]
	[10, 1016]
	[10, 1017]
	[10, 1018]
	[10, 1018]
	[10, 1019]
	[10, 1019]
	[10, 1020]
	[10, 1020]
	[10, 1020]
	[10, 1022]
	[10, 1022]
	[10, 1022]
	[10, 1023]
	[10, 1023]
	[10, 1024]
	[10, 1024]
	[10, 1024]
	[11, 1000]
	[11, 1000]
	[11, 1001]
	[11, 1001]
	[11, 1002]
	[11, 1002]
	[11, 1003]
	[11, 1004]
	[11, 1004]
	[11, 1005]
	[11, 1007]
	[11, 1007]
	[11, 1007]
	[11, 1007]
	[11, 1007]
	[11, 1008]
	[11, 1009]
	[11, 1009]
	[11, 1009]
	[11, 1010]
	[11, 1011]
	[11, 1012]
	[11, 1013]
	[11, 1014]
	[11, 1014]
	[11, 1014]
	[11, 1015]
	[11, 1016]
	[11, 1016]
	[11, 1017]
	[11, 1017]
	[11, 1017]
	[11, 1017]
	[11, 1018]
	[11, 1019]
	[11, 1019]
	[11, 1020]
	[11, 1020]
	[11, 1021]
	[11, 1021]
	[11, 1022]
	[11, 1024]
	[12, 1000]
	[12, 1000]
	[12, 1000]
	[12, 1000]
	[12, 1000]
	[12, 1001]
	[12, 1001]
	[12, 1002]
	[12, 1002]
	[12, 1004]
	[12, 1005]
	[12, 1005]
	[12, 1007]
	[12, 1009]
	[12, 1011]
	[12, 1011]
	[12, 1011]
	[12, 1011]
	[12, 1012]
	[12, 1013]
	[12, 1013]
	[12, 1015]
	[12, 1015]
	[12, 1015]
	[12, 1016]
	[12, 1016]
	[12, 1016]
	[12, 1016]
	[12, 1017]
	[12, 1017]
	[12, 1017]
	[12, 1018]
	[12, 1018]
	[12, 1018]
	[12, 1018]
	[12, 1018]
	[12, 1018]
	[12, 1019]
	[12, 1019]
	[12, 1020]
	[12, 1020]
	[12, 1021]
	[12, 1022]
	[12, 1022]
	[12, 1023]
	[12, 1023]
	[12, 1024]
	[12, 1024]
	[13, 1000]
	[13, 1000]
	[13, 1001]
	[13, 1001]
	[13, 1002]
	[13, 1002]
	[13, 1003]
	[13, 1003]
	[13, 1004]
	[13, 1004]
	[13, 1004]
	[13, 1005]
	[13, 1005]
	[13, 1005]
	[13, 1005]
	[13, 1005]
	[13, 1005]
	[13, 1006]
	[13, 1006]
	[13, 1006]
	[13, 1006]
	[13, 1008]
	[13, 1008]
	[13, 1008]
	[13, 1008]
	[13, 1008]
	[13, 1009]
	[13, 1010]
	[13, 1010]
	[13, 1010]
	[13, 1011]
	[13, 1012]
	[13, 1012]
	[13, 1012]
	[13, 1012]
	[13, 1013]
	[13, 1013]
	[13, 1014]
	[13, 1014]
	[13, 1014]
	[13, 1015]
	[13, 1016]
	[13, 1017]
	[13, 1017]
	[13, 1018]
	[13, 1018]
	[13, 1018]
	[13, 1018]
	[13, 1018]
	[13, 1018]
	[13, 1019]
	[13, 1019]
	[13, 1020]
	[13, 1021]
	[13, 1022]
	[13, 1022]
	[13, 1022]
	[13, 1023]
	[13, 1023]
	[13, 1023]
	[13, 1024]
	[13, 1024]
	[13, 1024]
	[13, 1024]
	[13, 1024]
	[13, 1024]
	[13, 1024]
	[14, 1000]
	[14, 1000]
	[14, 1000]
	[14, 1000]
	[14, 1000]
	[14, 1001]
	[14, 1002]
	[14, 1002]
	[14, 1003]
	[14, 1003]
	[14, 1003]
	[14, 1004]
	[14, 1004]
	[14, 1004]
	[14, 1004]
	[14, 1005]
	[14, 1006]
	[14, 1006]
	[14, 1007]
	[14, 1007]
	[14, 1008]
	[14, 1008]
	[14, 1008]
	[14, 1009]
	[14, 1009]
	[14, 1010]
	[14, 1010]
	[14, 1011]
	[14, 1011]
	[14, 1011]
	[14, 1012]
	[14, 1013]
	[14, 1013]
	[14, 1014]
	[14, 1014]
	[14, 1015]
	[14, 1015]
	[14, 1016]
	[14, 1016]
	[14, 1016]
	[14, 1016]
	[14, 1017]
	[14, 1018]
	[14, 1019]
	[14, 1019]
	[14, 1019]
	[14, 1020]
	[14, 1020]
	[14, 1021]
	[14, 1021]
	[14, 1021]
	[14, 1022]
	[14, 1022]
	[14, 1022]
	[14, 1023]
	[14, 1024]
	[14, 1024]
	[14, 1024]
	[14, 1024]
	[14, 1024]
	[15, 1001]
	[15, 1002]
	[15, 1002]
	[15, 1002]
	[15, 1002]
	[15, 1002]
	[15, 1002]
	[15, 1002]
	[15, 1003]
	[15, 1003]
	[15, 1003]
	[15, 1005]
	[15, 1005]
	[15, 1005]
	[15, 1007]
	[15, 1007]
	[15, 1007]
	[15, 1008]
	[15, 1009]
	[15, 1009]
	[15, 1009]
	[15, 1010]
	[15, 1010]
	[15, 1011]
	[15, 1011]
	[15, 1012]
	[15, 1014]
	[15, 1014]
	[15, 1015]
	[15, 1015]
	[15, 1015]
	[15, 1015]
	[15, 1016]
	[15, 1017]
	[15, 1017]
	[15, 1019]
	[15, 1020]
	[15, 1020]
	[15, 1020]
	[15, 1021]
	[15, 1021]
	[15, 1022]
	[15, 1022]
	[15, 1023]
	[15, 1023]
	[15, 1023]
	[15, 1024]
	[15, 1024]
	[15, 1024]
	[16, 1000]
	[16, 1000]
	[16, 1002]
	[16, 1003]
	[16, 1003]
	[16, 1004]
	[16, 1004]
	[16, 1004]
	[16, 1004]
	[16, 1005]
	[16, 1005]
	[16, 1005]
	[16, 1005]
	[16, 1006]
	[16, 1007]
	[16, 1008]
	[16, 1008]
	[16, 1009]
	[16, 1009]
	[16, 1009]
	[16, 1010]
	[16, 1011]
	[16, 1011]
	[16, 1013]
	[16, 1013]
	[16, 1014]
	[16, 1014]
	[16, 1014]
	[16, 1014]
	[16, 1014]
	[16, 1014]
	[16, 1015]
	[16, 1016]
	[16, 1016]
	[16, 1016]
	[16, 1018]
	[16, 1018]
	[16, 1018]
	[16, 1018]
	[16, 1019]
	[16, 1020]
	[16, 1021]
	[16, 1021]
	[16, 1021]
	[16, 1022]
	[16, 1022]
	[16, 1022]
	[16, 1023]
	[16, 1023]
	[16, 1023]
	[16, 1024]
	[17, 1001]
	[17, 1001]
	[17, 1002]
	[17, 1002]
	[17, 1003]
	[17, 1003]
	[17, 1004]
	[17, 1004]
	[17, 1005]
	[17, 1006]
	[17, 1006]
	[17, 1006]
	[17, 1006]
	[17, 1007]
	[17, 1007]
	[17, 1008]
	[17, 1009]
	[17, 1010]
	[17, 1010]
	[17, 1011]
	[17, 1011]
	[17, 1011]
	[17, 1011]
	[17, 1011]
	[17, 1012]
	[17, 1012]
	[17, 1013]
	[17, 1013]
	[17, 1015]
	[17, 1015]
	[17, 1015]
	[17, 1016]
	[17, 1017]
	[17, 1017]
	[17, 1018]
	[17, 1018]
	[17, 1018]
	[17, 1019]
	[17, 1019]
	[17, 1019]
	[17, 1019]
	[17, 1020]
	[17, 1020]
	[17, 1021]
	[17, 1021]
	[17, 1022]
	[17, 1022]
	[17, 1023]
	[17, 1023]
	[17, 1024]
	[17, 1024]
	[18, 1000]
	[18, 1000]
	[18, 1000]
	[18, 1001]
	[18, 1002]
	[18, 1002]
	[18, 1003]
	[18, 1004]
	[18, 1004]
	[18, 1004]
	[18, 1005]
	[18, 1005]
	[18, 1005]
	[18, 1005]
	[18, 1007]
	[18, 1008]
	[18, 1008]
	[18, 1008]
	[18, 1009]
	[18, 1010]
	[18, 1010]
	[18, 1011]
	[18, 1012]
	[18, 1012]
	[18, 1012]
	[18, 1013]
	[18, 1013]
	[18, 1016]
	[18, 1016]
	[18, 1016]
	[18, 1017]
	[18, 1018]
	[18, 1019]
	[18, 1019]
	[18, 1020]
	[18, 1020]
	[18, 1021]
	[18, 1021]
	[18, 1021]
	[18, 1022]
	[18, 1023]
	[18, 1023]
	[18, 1023]
	[18, 1023]
	[18, 1024]
	[18, 1024]
	[18, 1024]
	[19, 1000]
	[19, 1000]
	[19, 1001]
	[19, 1001]
	[19, 1002]
	[19, 1002]
	[19, 1002]
	[19, 1002]
	[19, 1002]
	[19, 1002]
	[19, 1003]
	[19, 1003]
	[19, 1004]
	[19, 1004]
	[19, 1004]
	[19, 1004]
	[19, 1007]
	[19, 1009]
	[19, 1009]
	[19, 1010]
	[19, 1010]
	[19, 1010]
	[19, 1011]
	[19, 1011]
	[19, 1011]
	[19, 1011]
	[19, 1011]
	[19, 1012]
	[19, 1012]
	[19, 1012]
	[19, 1012]
	[19, 1013]
	[19, 1013]
	[19, 1013]
	[19, 1013]
	[19, 1014]
	[19, 1014]
	[19, 1015]
	[19, 1015]
	[19, 1015]
	[19, 1015]
	[19, 1016]
	[19, 1016]
	[19, 1017]
	[19, 1017]
	[19, 1017]
	[19, 1017]
	[19, 1018]
	[19, 1018]
	[19, 1018]
	[19, 1019]
	[19, 1020]
	[19, 1020]
	[19, 1021]
	[19, 1021]
	[19, 1021]
	[19, 1021]
	[19, 1022]
	[19, 1023]
	[19, 1023]
	[19, 1024]
	[20, 1000]
	[20, 1001]
	[20, 1002]
	[20, 1002]
	[20, 1002]
	[20, 1002]
	[20, 1002]
	[20, 1003]
	[20, 1004]
	[20, 1004]
	[20, 1005]
	[20, 1006]
	[20, 1007]
	[20, 1008]
	[20, 1008]
	[20, 1008]
	[20, 1008]
	[20, 1008]
	[20, 1009]
	[20, 1010]
	[20, 1010]
	[20, 1010]
	[20, 1010]
	[20, 1011]
	[20, 1011]
	[20, 1011]
	[20, 1012]
	[20, 1012]
	[20, 1013]
	[20, 1014]
	[20, 1014]
	[20, 1015]
	[20, 1015]
	[20, 1015]
	[20, 1015]
	[20, 1015]
	[20, 1016]
	[20, 1016]
	[20, 1016]
	[20, 1016]
	[20, 1017]
	[20, 1018]
	[20, 1019]
	[20, 1019]
	[20, 1019]
	[20, 1020]
	[20, 1020]
	[20, 1020]
	[20, 1020]
	[20, 1022]
	[20, 1022]
	[20, 1022]
	[20, 1023]
	[20, 1023]
	[20, 1023]
	[20, 1023]
	[20, 1024]
	[21, 1000]
	[21, 1000]
	[21, 1000]
	[21, 1000]
	[21, 1000]
	[21, 1001]
	[21, 1001]
	[21, 1001]
	[21, 1002]
	[21, 1003]
	[21, 1003]
	[21, 1003]
	[21, 1003]
	[21, 1004]
	[21, 1005]
	[21, 1005]
	[21, 1005]
	[21, 1005]
	[21, 1007]
	[21, 1007]
	[21, 1008]
	[21, 1008]
	[21, 1008]
	[21, 1010]
	[21, 1010]
	[21, 1010]
	[21, 1010]
	[21, 1011]
	[21, 1014]
	[21, 1015]
	[21, 1015]
	[21, 1015]
	[21, 1016]
	[21, 1017]
	[21, 1017]
	[21, 1017]
	[21, 1017]
	[21, 1019]
	[21, 1019]
	[21, 1019]
	[21, 1020]
	[21, 1020]
	[21, 1021]
	[21, 1021]
	[21, 1021]
	[21, 1021]
	[21, 1022]
	[21, 1022]
	[21, 1023]
	[21, 1023]
	[21, 1023]
	[21, 1024]
	[21, 1024]
	[21, 1024]
	[21, 1024]
	[21, 1024]
	[22, 1000]
	[22, 1001]
	[22, 1001]
	[22, 1002]
	[22, 1003]
	[22, 1004]
	[22, 1005]
	[22, 1005]
	[22, 1007]
	[22, 1008]
	[22, 1008]
	[22, 1008]
	[22, 1008]
	[22, 1009]
	[22, 1009]
	[22, 1010]
	[22, 1010]
	[22, 1010]
	[22, 1010]
	[22, 1011]
	[22, 1011]
	[22, 1012]
	[22, 1012]
	[22, 1012]
	[22, 1013]
	[22, 1013]
	[22, 1013]
	[22, 1013]
	[22, 1014]
	[22, 1014]
	[22, 1015]
	[22, 1016]
	[22, 1016]
	[22, 1017]
	[22, 1017]
	[22, 1018]
	[22, 1018]
	[22, 1018]
	[22, 1019]
	[22, 1020]
	[22, 1020]
	[22, 1021]
	[22, 1021]
	[22, 1022]
	[22, 1022]
	[22, 1022]
	[22, 1023]
	[22, 1023]
	[22, 1023]
	[23, 1000]
	[23, 1000]
	[23, 1001]
	[23, 1001]
	[23, 1003]
	[23, 1003]
	[23, 1003]
	[23, 1004]
	[23, 1004]
	[23, 1005]
	[23, 1005]
	[23, 1006]
	[23, 1006]
	[23, 1006]
	[23, 1007]
	[23, 1007]
	[23, 1007]
	[23, 1007]
	[23, 1008]
	[23, 1009]
	[23, 1009]
	[23, 1010]
	[23, 1010]
	[23, 1011]
	[23, 1011]
	[23, 1012]
	[23, 1013]
	[23, 1013]
	[23, 1014]
	[23, 1015]
	[23, 1016]
	[23, 1017]
	[23, 1017]
	[23, 1018]
	[23, 1019]
	[23, 1020]
	[23, 1021]
	[23, 1021]
	[23, 1021]
	[23, 1022]
	[23, 1022]
	[23, 1023]
	[23, 1024]
	[23, 1024]
	[23, 1024]
	[23, 1024]
	[23, 1024]
	[24, 1001]
	[24, 1001]
	[24, 1002]
	[24, 1002]
	[24, 1003]
	[24, 1003]
	[24, 1005]
	[24, 1005]
	[24, 1006]
	[24, 1008]
	[24, 1008]
	[24, 1009]
	[24, 1009]
	[24, 1009]
	[24, 1010]
	[24, 1010]
	[24, 1011]
	[24, 1011]
	[24, 1011]
	[24, 1011]
	[24, 1012]
	[24, 1012]
	[24, 1012]
	[24, 1012]
	[24, 1012]
	[24, 1013]
	[24, 1015]
	[24, 1015]
	[24, 1015]
	[24, 1016]
	[24, 1016]
	[24, 1017]
	[24, 1017]
	[24, 1017]
	[24, 1017]
	[24, 1018]
	[24, 1019]
	[24, 1019]
	[24, 1021]
	[24, 1023]
	[24, 1024]
	[24, 1024]
	[24, 1024]
	[24, 1024]
	[25, 1000]
	[25, 1001]
	[25, 1002]
	[25, 1003]
	[25, 1003]
	[25, 1003]
	[25, 1003]
	[25, 1004]
	[25, 1004]
	[25, 1004]
	[25, 1006]
	[25, 1006]
	[25, 1007]
	[25, 1007]
	[25, 1007]
	[25, 1008]
	[25, 1008]
	[25, 1008]
	[25, 1009]
	[25, 1010]
	[25, 1010]
	[25, 1011]
	[25, 1012]
	[25, 1012]
	[25, 1013]
	[25, 1013]
	[25, 1013]
	[25, 1014]
	[25, 1014]
	[25, 1014]
	[25, 1014]
	[25, 1014]
	[25, 1016]
	[25, 1016]
	[25, 1016]
	[25, 1017]
	[25, 1018]
	[25, 1019]
	[25, 1019]
	[25, 1019]
	[25, 1020]
	[25, 1020]
	[25, 1021]
	[25, 1021]
	[25, 1022]
	[25, 1022]
	[25, 1023]
	[25, 1023]
	[26, 1000]
	[26, 1000]
	[26, 1001]
	[26, 1002]
	[26, 1003]
	[26, 1004]
	[26, 1004]
	[26, 1005]
	[26, 1005]
	[26, 1005]
	[26, 1006]
	[26, 1007]
	[26, 1007]
	[26, 1007]
	[26, 1007]
	[26, 1007]
	[26, 1008]
	[26, 1008]
	[26, 1008]
	[26, 1008]
	[26, 1009]
	[26, 1010]
	[26, 1010]
	[26, 1011]
	[26, 1011]
	[26, 1012]
	[26, 1012]
	[26, 1012]
	[26, 1013]
	[26, 1014]
	[26, 1014]
	[26, 1015]
	[26, 1017]
	[26, 1017]
	[26, 1018]
	[26, 1019]
	[26, 1019]
	[26, 1019]
	[26, 1019]
	[26, 1019]
	[26, 1019]
	[26, 1019]
	[26, 1020]
	[26, 1021]
	[26, 1021]
	[26, 1022]
	[26, 1022]
	[26, 1023]
	[26, 1023]
	[26, 1023]
	[26, 1024]
	[27, 1000]
	[27, 1000]
	[27, 1001]
	[27, 1001]
	[27, 1002]
	[27, 1002]
	[27, 1003]
	[27, 1005]
	[27, 1005]
	[27, 1005]
	[27, 1006]
	[27, 1007]
	[27, 1008]
	[27, 1008]
	[27, 1008]
	[27, 1008]
	[27, 1008]
	[27, 1009]
	[27, 1010]
	[27, 1010]
	[27, 1010]
	[27, 1010]
	[27, 1011]
	[27, 1012]
	[27, 1012]
	[27, 1012]
	[27, 1014]
	[27, 1014]
	[27, 1014]
	[27, 1015]
	[27, 1017]
	[27, 1017]
	[27, 1017]
	[27, 1018]
	[27, 1018]
	[27, 1018]
	[27, 1018]
	[27, 1019]
	[27, 1020]
	[27, 1020]
	[27, 1021]
	[27, 1021]
	[27, 1021]
	[27, 1022]
	[27, 1022]
	[27, 1023]
	[27, 1024]
	[27, 1024]
	[28, 1000]
	[28, 1000]
	[28, 1000]
	[28, 1000]
	[28, 1000]
	[28, 1002]
	[28, 1003]
	[28, 1003]
	[28, 1004]
	[28, 1005]
	[28, 1005]
	[28, 1005]
	[28, 1006]
	[28, 1006]
	[28, 1007]
	[28, 1007]
	[28, 1008]
	[28, 1008]
	[28, 1009]
	[28, 1009]
	[28, 1010]
	[28, 1010]
	[28, 1011]
	[28, 1011]
	[28, 1012]
	[28, 1012]
	[28, 1013]
	[28, 1013]
	[28, 1014]
	[28, 1014]
	[28, 1014]
	[28, 1014]
	[28, 1014]
	[28, 1015]
	[28, 1015]
	[28, 1016]
	[28, 1016]
	[28, 1017]
	[28, 1017]
	[28, 1017]
	[28, 1019]
	[28, 1019]
	[28, 1021]
	[28, 1022]
	[28, 1022]
	[28, 1022]
	[28, 1022]
	[28, 1022]
	[28, 1023]
	[28, 1024]
	[29, 1000]
	[29, 1001]
	[29, 1001]
	[29, 1002]
	[29, 1002]
	[29, 1002]
	[29, 1006]
	[29, 1007]
	[29, 1007]
	[29, 1007]
	[29, 1007]
	[29, 1008]
	[29, 1008]
	[29, 1008]
	[29, 1009]
	[29, 1010]
	[29, 1010]
	[29, 1012]
	[29, 1012]
	[29, 1013]
	[29, 1013]
	[29, 1013]
	[29, 1013]
	[29, 1013]
	[29, 1013]
	[29, 1014]
	[29, 1015]
	[29, 1016]
	[29, 1017]
	[29, 1018]
	[29, 1018]
	[29, 1019]
	[29, 1019]
	[29, 1020]
	[29, 1021]
	[29, 1022]
	[29, 1022]
	[29, 1022]
	[29, 1023]
	[30, 1000]
	[30, 1000]
	[30, 1000]
	[30, 1002]
	[30, 1002]
	[30, 1002]
	[30, 1003]
	[30, 1003]
	[30, 1004]
	[30, 1004]
	[30, 1005]
	[30, 1005]
	[30, 1005]
	[30, 1006]
	[30, 1006]
	[30, 1006]
	[30, 1007]
	[30, 1007]
	[30, 1007]
	[30, 1008]
	[30, 1008]
	[30, 1008]
	[30, 1009]
	[30, 1009]
	[30, 1010]
	[30, 1010]
	[30, 1010]
	[30, 1011]
	[30, 1011]
	[30, 1012]
	[30, 1012]
	[30, 1012]
	[30, 1013]
	[30, 1013]
	[30, 1013]
	[30, 1014]
	[30, 1015]
	[30, 1015]
	[30, 1015]
	[30, 1016]
	[30, 1016]
	[30, 1017]
	[30, 1017]
	[30, 1018]
	[30, 1018]
	[30, 1018]
	[30, 1018]
	[30, 1018]
	[30, 1020]
	[30, 1021]
	[30, 1021]
	[30, 1022]
	[30, 1022]
	[30, 1022]
	[30, 1022]
	[30, 1022]
	[30, 1023]
	[30, 1023]
	[30, 1023]
	[30, 1023]
	[30, 1024]
	[30, 1024]
	[31, 1000]
	[31, 1001]
	[31, 1003]
	[31, 1003]
	[31, 1004]
	[31, 1004]
	[31, 1004]
	[31, 1005]
	[31, 1005]
	[31, 1005]
	[31, 1006]
	[31, 1006]
	[31, 1007]
	[31, 1007]
	[31, 1007]
	[31, 1008]
	[31, 1008]
	[31, 1008]
	[31, 1009]
	[31, 1010]
	[31, 1010]
	[31, 1012]
	[31, 1012]
	[31, 1013]
	[31, 1013]
	[31, 1013]
	[31, 1013]
	[31, 1014]
	[31, 1014]
	[31, 1014]
	[31, 1014]
	[31, 1015]
	[31, 1015]
	[31, 1016]
	[31, 1018]
	[31, 1018]
	[31, 1018]
	[31, 1018]
	[31, 1019]
	[31, 1020]
	[31, 1021]
	[31, 1021]
	[31, 1022]
	[31, 1022]
	[31, 1022]
	[31, 1022]
	[31, 1022]
	[31, 1023]
	[31, 1023]
	[31, 1024]
	[31, 1024]
	[31, 1024]
	[31, 1024]
	[32, 1000]
	[32, 1001]
	[32, 1001]
	[32, 1001]
	[32, 1002]
	[32, 1002]
	[32, 1002]
	[32, 1002]
	[32, 1002]
	[32, 1002]
	[32, 1003]
	[32, 1003]
	[32, 1004]
	[32, 1004]
	[32, 1004]
	[32, 1005]
	[32, 1005]
	[32, 1006]
	[32, 1006]
	[32, 1007]
	[32, 1008]
	[32, 1009]
	[32, 1009]
	[32, 1009]
	[32, 1010]
	[32, 1010]
	[32, 1012]
	[32, 1012]
	[32, 1012]
	[32, 1012]
	[32, 1013]
	[32, 1013]
	[32, 1013]
	[32, 1013]
	[32, 1014]
	[32, 1014]
	[32, 1014]
	[32, 1015]
	[32, 1017]
	[32, 1019]
	[32, 1019]
	[32, 1020]
	[32, 1021]
	[32, 1021]
	[32, 1022]
	[32, 1022]
	[32, 1022]
	[32, 1022]
	[32, 1023]
	[32, 1023]
	[32, 1023]
	[32, 1024]
	[32, 1024]
	[32, 1024]
	[33, 1000]
	[33, 1000]
	[33, 1001]
	[33, 1001]
	[33, 1002]
	[33, 1002]
	[33, 1002]
	[33, 1002]
	[33, 1003]
	[33, 1003]
	[33, 1003]
	[33, 1004]
	[33, 1004]
	[33, 1004]
	[33, 1005]
	[33, 1005]
	[33, 1005]
	[33, 1006]
	[33, 1006]
	[33, 1006]
	[33, 1006]
	[33, 1006]
	[33, 1009]
	[33, 1009]
	[33, 1011]
	[33, 1011]
	[33, 1012]
	[33, 1012]
	[33, 1012]
	[33, 1012]
	[33, 1012]
	[33, 1013]
	[33, 1013]
	[33, 1013]
	[33, 1015]
	[33, 1015]
	[33, 1016]
	[33, 1016]
	[33, 1016]
	[33, 1016]
	[33, 1017]
	[33, 1017]
	[33, 1018]
	[33, 1019]
	[33, 1019]
	[33, 1020]
	[33, 1020]
	[33, 1021]
	[33, 1022]
	[33, 1023]
	[33, 1023]
	[33, 1023]
	[33, 1024]
	[33, 1024]
	[33, 1024]
	[33, 1024]
	[33, 1024]
	[34, 1000]
	[34, 1002]
	[34, 1002]
	[34, 1002]
	[34, 1003]
	[34, 1003]
	[34, 1004]
	[34, 1006]
	[34, 1007]
	[34, 1007]
	[34, 1007]
	[34, 1008]
	[34, 1009]
	[34, 1009]
	[34, 1010]
	[34, 1010]
	[34, 1011]
	[34, 1012]
	[34, 1012]
	[34, 1012]
	[34, 1012]
	[34, 1012]
	[34, 1012]
	[34, 1013]
	[34, 1013]
	[34, 1014]
	[34, 1016]
	[34, 1016]
	[34, 1016]
	[34, 1017]
	[34, 1017]
	[34, 1017]
	[34, 1018]
	[34, 1018]
	[34, 1018]
	[34, 1019]
	[34, 1019]
	[34, 1019]
	[34, 1020]
	[34, 1020]
	[34, 1020]
	[34, 1021]
	[34, 1021]
	[34, 1021]
	[34, 1022]
	[34, 1022]
	[34, 1022]
	[34, 1023]
	[34, 1023]
	[34, 1024]
	[35, 1000]
	[35, 1000]
	[35, 1000]
	[35, 1000]
	[35, 1001]
	[35, 1001]
	[35, 1001]
	[35, 1001]
	[35, 1001]
	[35, 1002]
	[35, 1002]
	[35, 1002]
	[35, 1003]
	[35, 1003]
	[35, 1004]
	[35, 1005]
	[35, 1005]
	[35, 1005]
	[35, 1006]
	[35, 1006]
	[35, 1008]
	[35, 1008]
	[35, 1009]
	[35, 1009]
	[35, 1009]
	[35, 1009]
	[35, 1009]
	[35, 1011]
	[35, 1012]
	[35, 1013]
	[35, 1013]
	[35, 1014]
	[35, 1014]
	[35, 1015]
	[35, 1015]
	[35, 1016]
	[35, 1016]
	[35, 1016]
	[35, 1016]
	[35, 1016]
	[35, 1017]
	[35, 1018]
	[35, 1019]
	[35, 1019]
	[35, 1019]
	[35, 1020]
	[35, 1020]
	[35, 1020]
	[35, 1020]
	[35, 1020]
	[35, 1020]
	[35, 1021]
	[35, 1021]
	[35, 1021]
	[35, 1021]
	[35, 1022]
	[35, 1022]
	[35, 1023]
	[35, 1024]
	[35, 1024]
	[36, 1000]
	[36, 1001]
	[36, 1001]
	[36, 1001]
	[36, 1001]
	[36, 1002]
	[36, 1003]
	[36, 1003]
	[36, 1003]
	[36, 1004]
	[36, 1005]
	[36, 1005]
	[36, 1006]
	[36, 1007]
	[36, 1007]
	[36, 1008]
	[36, 1008]
	[36, 1008]
	[36, 1009]
	[36, 1009]
	[36, 1009]
	[36, 1009]
	[36, 1009]
	[36, 1009]
	[36, 1010]
	[36, 1011]
	[36, 1011]
	[36, 1011]
	[36, 1011]
	[36, 1012]
	[36, 1012]
	[36, 1013]
	[36, 1013]
	[36, 1014]
	[36, 1014]
	[36, 1015]
	[36, 1015]
	[36, 1016]
	[36, 1016]
	[36, 1016]
	[36, 1018]
	[36, 1020]
	[36, 1020]
	[36, 1023]
	[36, 1023]
	[36, 1024]
	[37, 1000]
	[37, 1000]
	[37, 1001]
	[37, 1001]
	[37, 1001]
	[37, 1001]
	[37, 1002]
	[37, 1002]
	[37, 1002]
	[37, 1002]
	[37, 1002]
	[37, 1003]
	[37, 1003]
	[37, 1006]
	[37, 1007]
	[37, 1007]
	[37, 1008]
	[37, 1008]
	[37, 1008]
	[37, 1008]
	[37, 1008]
	[37, 1009]
	[37, 1010]
	[37, 1010]
	[37, 1010]
	[37, 1011]
	[37, 1011]
	[37, 1012]
	[37, 1012]
	[37, 1012]
	[37, 1012]
	[37, 1013]
	[37, 1013]
	[37, 1014]
	[37, 1014]
	[37, 1016]
	[37, 1016]
	[37, 1017]
	[37, 1017]
	[37, 1017]
	[37, 1018]
	[37, 1019]
	[37, 1019]
	[37, 1021]
	[37, 1022]
	[37, 1024]
	[37, 1024]
	[37, 1024]
	[38, 1000]
	[38, 1000]
	[38, 1000]
	[38, 1001]
	[38, 1001]
	[38, 1002]
	[38, 1004]
	[38, 1004]
	[38, 1004]
	[38, 1004]
	[38, 1005]
	[38, 1005]
	[38, 1006]
	[38, 1007]
	[38, 1007]
	[38, 1007]
	[38, 1008]
	[38, 1009]
	[38, 1009]
	[38, 1009]
	[38, 1009]
	[38, 1009]
	[38, 1011]
	[38, 1012]
	[38, 1012]
	[38, 1012]
	[38, 1012]
	[38, 1012]
	[38, 1013]
	[38, 1013]
	[38, 1013]
	[38, 1015]
	[38, 1015]
	[38, 1016]
	[38, 1017]
	[38, 1018]
	[38, 1019]
	[38, 1020]
	[38, 1020]
	[38, 1021]
	[38, 1021]
	[38, 1021]
	[38, 1022]
	[38, 1022]
	[38, 1023]
	[38, 1023]
	[38, 1023]
	[38, 1024]
	[38, 1024]
	[39, 1000]
	[39, 1000]
	[39, 1000]
	[39, 1001]
	[39, 1001]
	[39, 1002]
	[39, 1002]
	[39, 1002]
	[39, 1002]
	[39, 1003]
	[39, 1003]
	[39, 1003]
	[39, 1004]
	[39, 1004]
	[39, 1005]
	[39, 1005]
	[39, 1005]
	[39, 1005]
	[39, 1006]
	[39, 1006]
	[39, 1006]
	[39, 1007]
	[39, 1007]
	[39, 1007]
	[39, 1009]
	[39, 1012]
	[39, 1012]
	[39, 1012]
	[39, 1013]
	[39, 1013]
	[39, 1014]
	[39, 1015]
	[39, 1016]
	[39, 1016]
	[39, 1016]
	[39, 1017]
	[39, 1017]
	[39, 1017]
	[39, 1018]
	[39, 1018]
	[39, 1018]
	[39, 1020]
	[39, 1021]
	[39, 1022]
	[39, 1022]
	[39, 1023]
	[39, 1023]
	[39, 1024]
	[39, 1024]
	[40, 1000]
	[40, 1000]
	[40, 1000]
	[40, 1001]
	[40, 1001]
	[40, 1002]
	[40, 1003]
	[40, 1003]
	[40, 1004]
	[40, 1004]
	[40, 1005]
	[40, 1006]
	[40, 1006]
	[40, 1006]
	[40, 1006]
	[40, 1007]
	[40, 1008]
	[40, 1008]
	[40, 1008]
	[40, 1009]
	[40, 1009]
	[40, 1010]
	[40, 1010]
	[40, 1010]
	[40, 1012]
	[40, 1013]
	[40, 1013]
	[40, 1013]
	[40, 1013]
	[40, 1013]
	[40, 1013]
	[40, 1013]
	[40, 1014]
	[40, 1015]
	[40, 1016]
	[40, 1017]
	[40, 1017]
	[40, 1017]
	[40, 1017]
	[40, 1017]
	[40, 1018]
	[40, 1019]
	[40, 1020]
	[40, 1020]
	[40, 1021]
	[40, 1021]
	[40, 1022]
	[40, 1022]
	[40, 1022]
	[40, 1022]
	[40, 1022]
	[40, 1022]
	[40, 1022]
	[40, 1022]
	[40, 1022]
	[40, 1023]
	[40, 1024]
	[40, 1024]
	[40, 1024]
	[41, 1000]
	[41, 1000]
	[41, 1002]
	[41, 1003]
	[41, 1003]
	[41, 1003]
	[41, 1004]
	[41, 1004]
	[41, 1005]
	[41, 1005]
	[41, 1007]
	[41, 1007]
	[41, 1007]
	[41, 1008]
	[41, 1008]
	[41, 1009]
	[41, 1009]
	[41, 1009]
	[41, 1009]
	[41, 1010]
	[41, 1010]
	[41, 1011]
	[41, 1011]
	[41, 1011]
	[41, 1012]
	[41, 1012]
	[41, 1012]
	[41, 1013]
	[41, 1013]
	[41, 1014]
	[41, 1014]
	[41, 1015]
	[41, 1015]
	[41, 1016]
	[41, 1016]
	[41, 1016]
	[41, 1016]
	[41, 1016]
	[41, 1016]
	[41, 1016]
	[41, 1017]
	[41, 1017]
	[41, 1017]
	[41, 1018]
	[41, 1018]
	[41, 1019]
	[41, 1019]
	[41, 1019]
	[41, 1019]
	[41, 1021]
	[41, 1021]
	[41, 1021]
	[41, 1021]
	[41, 1022]
	[41, 1023]
	[41, 1023]
	[41, 1023]
	[41, 1023]
	[41, 1023]
	[41, 1024]
	[42, 1000]
	[42, 1000]
	[42, 1000]
	[42, 1000]
	[42, 1002]
	[42, 1002]
	[42, 1003]
	[42, 1003]
	[42, 1005]
	[42, 1005]
	[42, 1006]
	[42, 1006]
	[42, 1007]
	[42, 1008]
	[42, 1009]
	[42, 1010]
	[42, 1010]
	[42, 1012]
	[42, 1012]
	[42, 1014]
	[42, 1015]
	[42, 1015]
	[42, 1016]
	[42, 1016]
	[42, 1016]
	[42, 1016]
	[42, 1017]
	[42, 1017]
	[42, 1020]
	[42, 1020]
	[42, 1021]
	[42, 1021]
	[42, 1021]
	[42, 1022]
	[42, 1022]
	[42, 1023]
	[42, 1023]
	[42, 1024]
	[42, 1024]
	[43, 1000]
	[43, 1001]
	[43, 1001]
	[43, 1002]
	[43, 1002]
	[43, 1002]
	[43, 1003]
	[43, 1004]
	[43, 1004]
	[43, 1005]
	[43, 1005]
	[43, 1005]
	[43, 1006]
	[43, 1007]
	[43, 1008]
	[43, 1008]
	[43, 1008]
	[43, 1008]
	[43, 1009]
	[43, 1010]
	[43, 1010]
	[43, 1011]
	[43, 1011]
	[43, 1013]
	[43, 1013]
	[43, 1013]
	[43, 1014]
	[43, 1015]
	[43, 1015]
	[43, 1017]
	[43, 1019]
	[43, 1019]
	[43, 1020]
	[43, 1020]
	[43, 1021]
	[43, 1021]
	[43, 1022]
	[43, 1024]
	[44, 1000]
	[44, 1000]
	[44, 1000]
	[44, 1000]
	[44, 1003]
	[44, 1003]
	[44, 1004]
	[44, 1004]
	[44, 1004]
	[44, 1004]
	[44, 1006]
	[44, 1007]
	[44, 1007]
	[44, 1008]
	[44, 1008]
	[44, 1008]
	[44, 1008]
	[44, 1009]
	[44, 1009]
	[44, 1011]
	[44, 1011]
	[44, 1011]
	[44, 1012]
	[44, 1013]
	[44, 1014]
	[44, 1015]
	[44, 1015]
	[44, 1015]
	[44, 1015]
	[44, 1016]
	[44, 1017]
	[44, 1017]
	[44, 1018]
	[44, 1019]
	[44, 1021]
	[44, 1021]
	[44, 1022]
	[44, 1022]
	[44, 1022]
	[44, 1023]
	[44, 1023]
	[45, 1000]
	[45, 1000]
	[45, 1003]
	[45, 1004]
	[45, 1004]
	[45, 1005]
	[45, 1005]
	[45, 1005]
	[45, 1007]
	[45, 1007]
	[45, 1008]
	[45, 1009]
	[45, 1009]
	[45, 1009]
	[45, 1010]
	[45, 1010]
	[45, 1010]
	[45, 1010]
	[45, 1011]
	[45, 1011]
	[45, 1011]
	[45, 1012]
	[45, 1014]
	[45, 1014]
	[45, 1015]
	[45, 1016]
	[45, 1016]
	[45, 1017]
	[45, 1017]
	[45, 1017]
	[45, 1018]
	[45, 1018]
	[45, 1018]
	[45, 1018]
	[45, 1019]
	[45, 1020]
	[45, 1021]
	[45, 1021]
	[45, 1022]
	[45, 1022]
	[45, 1023]
	[45, 1023]
	[45, 1024]
	[45, 1024]
	[45, 1024]
	[45, 1024]
	[46, 1000]
	[46, 1000]
	[46, 1001]
	[46, 1001]
	[46, 1001]
	[46, 1003]
	[46, 1004]
	[46, 1005]
	[46, 1005]
	[46, 1005]
	[46, 1006]
	[46, 1007]
	[46, 1007]
	[46, 1007]
	[46, 1010]
	[46, 1011]
	[46, 1011]
	[46, 1012]
	[46, 1012]
	[46, 1013]
	[46, 1013]
	[46, 1014]
	[46, 1015]
	[46, 1017]
	[46, 1018]
	[46, 1018]
	[46, 1019]
	[46, 1020]
	[46, 1020]
	[46, 1021]
	[46, 1021]
	[46, 1022]
	[46, 1022]
	[46, 1023]
	[46, 1023]
	[46, 1024]
	[46, 1024]
	[46, 1024]
	[46, 1024]
	[47, 1000]
	[47, 1000]
	[47, 1001]
	[47, 1001]
	[47, 1002]
	[47, 1002]
	[47, 1002]
	[47, 1003]
	[47, 1003]
	[47, 1003]
	[47, 1003]
	[47, 1004]
	[47, 1005]
	[47, 1005]
	[47, 1005]
	[47, 1005]
	[47, 1006]
	[47, 1007]
	[47, 1007]
	[47, 1007]
	[47, 1008]
	[47, 1009]
	[47, 1009]
	[47, 1010]
	[47, 1010]
	[47, 1010]
	[47, 1011]
	[47, 1011]
	[47, 1011]
	[47, 1011]
	[47, 1012]
	[47, 1012]
	[47, 1014]
	[47, 1014]
	[47, 1014]
	[47, 1014]
	[47, 1015]
	[47, 1016]
	[47, 1016]
	[47, 1017]
	[47, 1017]
	[47, 1018]
	[47, 1018]
	[47, 1018]
	[47, 1020]
	[47, 1020]
	[47, 1020]
	[47, 1020]
	[47, 1022]
	[47, 1022]
	[47, 1022]
	[47, 1023]
	[47, 1023]
	[48, 1000]
	[48, 1000]
	[48, 1001]
	[48, 1001]
	[48, 1002]
	[48, 1003]
	[48, 1003]
	[48, 1003]
	[48, 1003]
	[48, 1004]
	[48, 1004]
	[48, 1004]
	[48, 1004]
	[48, 1004]
	[48, 1005]
	[48, 1005]
	[48, 1005]
	[48, 1007]
	[48, 1008]
	[48, 1009]
	[48, 1009]
	[48, 1009]
	[48, 1009]
	[48, 1010]
	[48, 1010]
	[48, 1012]
	[48, 1013]
	[48, 1014]
	[48, 1015]
	[48, 1015]
	[48, 1016]
	[48, 1016]
	[48, 1018]
	[48, 1018]
	[48, 1021]
	[48, 1021]
	[48, 1021]
	[48, 1021]
	[48, 1021]
	[48, 1022]
	[48, 1022]
	[48, 1022]
	[48, 1022]
	[48, 1023]
	[48, 1023]
	[49, 1000]
	[49, 1000]
	[49, 1000]
	[49, 1001]
	[49, 1001]
	[49, 1001]
	[49, 1003]
	[49, 1003]
	[49, 1003]
	[49, 1003]
	[49, 1003]
	[49, 1004]
	[49, 1004]
	[49, 1004]
	[49, 1004]
	[49, 1005]
	[49, 1005]
	[49, 1006]
	[49, 1006]
	[49, 1007]
	[49, 1007]
	[49, 1008]
	[49, 1008]
	[49, 1008]
	[49, 1010]
	[49, 1010]
	[49, 1010]
	[49, 1010]
	[49, 1010]
	[49, 1011]
	[49, 1012]
	[49, 1012]
	[49, 1013]
	[49, 1013]
	[49, 1013]
	[49, 1013]
	[49, 1013]
	[49, 1015]
	[49, 1017]
	[49, 1017]
	[49, 1017]
	[49, 1018]
	[49, 1018]
	[49, 1018]
	[49, 1018]
	[49, 1019]
	[49, 1019]
	[49, 1020]
	[49, 1020]
	[49, 1021]
	[49, 1021]
	[49, 1021]
	[49, 1021]
	[49, 1022]
	[49, 1023]
	[50, 1000]
	[50, 1000]
	[50, 1000]
	[50, 1001]
	[50, 1001]
	[50, 1002]
	[50, 1003]
	[50, 1003]
	[50, 1003]
	[50, 1003]
	[50, 1006]
	[50, 1006]
	[50, 1006]
	[50, 1007]
	[50, 1008]
	[50, 1008]
	[50, 1010]
	[50, 1011]
	[50, 1011]
	[50, 1011]
	[50, 1013]
	[50, 1013]
	[50, 1013]
	[50, 1013]
	[50, 1013]
	[50, 1014]
	[50, 1015]
	[50, 1016]
	[50, 1017]
	[50, 1017]
	[50, 1017]
	[50, 1020]
	[50, 1020]
	[50, 1020]
	[50, 1020]
	[50, 1020]
	[50, 1021]
	[50, 1021]
	[50, 1022]
	[50, 1023]
	[50, 1023]
	[50, 1023]
	[50, 1024]
	[51, 1000]
	[51, 1000]
	[51, 1001]
	[51, 1001]
	[51, 1002]
	[51, 1003]
	[51, 1003]
	[51, 1003]
	[51, 1004]
	[51, 1005]
	[51, 1005]
	[51, 1005]
	[51, 1006]
	[51, 1006]
	[51, 1007]
	[51, 1007]
	[51, 1007]
	[51, 1008]
	[51, 1008]
	[51, 1009]
	[51, 1010]
	[51, 1010]
	[51, 1010]
	[51, 1011]
	[51, 1011]
	[51, 1011]
	[51, 1011]
	[51, 1012]
	[51, 1013]
	[51, 1013]
	[51, 1013]
	[51, 1013]
	[51, 1014]
	[51, 1015]
	[51, 1015]
	[51, 1015]
	[51, 1016]
	[51, 1016]
	[51, 1016]
	[51, 1017]
	[51, 1018]
	[51, 1019]
	[51, 1019]
	[51, 1021]
	[51, 1022]
	[51, 1022]
	[51, 1022]
	[51, 1023]
	[51, 1023]
	[51, 1023]
	[51, 1023]
	[52, 1000]
	[52, 1000]
	[52, 1002]
	[52, 1002]
	[52, 1002]
	[52, 1003]
	[52, 1003]
	[52, 1003]
	[52, 1004]
	[52, 1004]
	[52, 1004]
	[52, 1004]
	[52, 1004]
	[52, 1004]
	[52, 1005]
	[52, 1006]
	[52, 1006]
	[52, 1007]
	[52, 1007]
	[52, 1008]
	[52, 1009]
	[52, 1009]
	[52, 1009]
	[52, 1009]
	[52, 1010]
	[52, 1011]
	[52, 1011]
	[52, 1012]
	[52, 1013]
	[52, 1014]
	[52, 1014]
	[52, 1014]
	[52, 1015]
	[52, 1015]
	[52, 1015]
	[52, 1017]
	[52, 1018]
	[52, 1019]
	[52, 1019]
	[52, 1020]
	[52, 1020]
	[52, 1021]
	[52, 1022]
	[52, 1022]
	[52, 1022]
	[52, 1024]
	[53, 1000]
	[53, 1000]
	[53, 1001]
	[53, 1001]
	[53, 1002]
	[53, 1002]
	[53, 1003]
	[53, 1004]
	[53, 1004]
	[53, 1004]
	[53, 1004]
	[53, 1005]
	[53, 1005]
	[53, 1005]
	[53, 1005]
	[53, 1005]
	[53, 1005]
	[53, 1005]
	[53, 1005]
	[53, 1006]
	[53, 1006]
	[53, 1007]
	[53, 1007]
	[53, 1008]
	[53, 1008]
	[53, 1009]
	[53, 1009]
	[53, 1009]
	[53, 1010]
	[53, 1010]
	[53, 1011]
	[53, 1011]
	[53, 1011]
	[53, 1012]
	[53, 1013]
	[53, 1013]
	[53, 1014]
	[53, 1014]
	[53, 1015]
	[53, 1015]
	[53, 1015]
	[53, 1015]
	[53, 1016]
	[53, 1017]
	[53, 1017]
	[53, 1018]
	[53, 1019]
	[53, 1019]
	[53, 1019]
	[53, 1020]
	[53, 1020]
	[53, 1020]
	[53, 1020]
	[53, 1021]
	[53, 1021]
	[53, 1022]
	[53, 1022]
	[53, 1022]
	[53, 1023]
	[53, 1023]
	[53, 1024]
	[53, 1024]
	[54, 1000]
	[54, 1000]
	[54, 1000]
	[54, 1000]
	[54, 1000]
	[54, 1000]
	[54, 1001]
	[54, 1002]
	[54, 1002]
	[54, 1002]
	[54, 1003]
	[54, 1003]
	[54, 1004]
	[54, 1005]
	[54, 1005]
	[54, 1005]
	[54, 1007]
	[54, 1007]
	[54, 1007]
	[54, 1008]
	[54, 1008]
	[54, 1009]
	[54, 1009]
	[54, 1009]
	[54, 1010]
	[54, 1010]
	[54, 1010]
	[54, 1010]
	[54, 1011]
	[54, 1011]
	[54, 1012]
	[54, 1013]
	[54, 1014]
	[54, 1014]
	[54, 1014]
	[54, 1015]
	[54, 1015]
	[54, 1015]
	[54, 1015]
	[54, 1015]
	[54, 1015]
	[54, 1017]
	[54, 1017]
	[54, 1017]
	[54, 1018]
	[54, 1018]
	[54, 1019]
	[54, 1019]
	[54, 1019]
	[54, 1022]
	[54, 1022]
	[54, 1022]
	[54, 1023]
	[54, 1024]
	[54, 1024]
	[54, 1024]
	[55, 1000]
	[55, 1000]
	[55, 1000]
	[55, 1001]
	[55, 1001]
	[55, 1002]
	[55, 1002]
	[55, 1002]
	[55, 1002]
	[55, 1002]
	[55, 1003]
	[55, 1003]
	[55, 1003]
	[55, 1004]
	[55, 1004]
	[55, 1004]
	[55, 1004]
	[55, 1005]
	[55, 1005]
	[55, 1006]
	[55, 1006]
	[55, 1006]
	[55, 1007]
	[55, 1007]
	[55, 1007]
	[55, 1007]
	[55, 1008]
	[55, 1008]
	[55, 1008]
	[55, 1009]
	[55, 1010]
	[55, 1011]
	[55, 1011]
	[55, 1011]
	[55, 1011]
	[55, 1011]
	[55, 1012]
	[55, 1012]
	[55, 1013]
	[55, 1013]
	[55, 1013]
	[55, 1014]
	[55, 1014]
	[55, 1014]
	[55, 1014]
	[55, 1015]
	[55, 1015]
	[55, 1015]
	[55, 1016]
	[55, 1016]
	[55, 1017]
	[55, 1017]
	[55, 1018]
	[55, 1020]
	[55, 1020]
	[55, 1021]
	[55, 1021]
	[55, 1021]
	[55, 1023]
	[55, 1023]
	[55, 1024]
	[56, 1000]
	[56, 1001]
	[56, 1003]
	[56, 1003]
	[56, 1005]
	[56, 1006]
	[56, 1007]
	[56, 1008]
	[56, 1008]
	[56, 1012]
	[56, 1013]
	[56, 1013]
	[56, 1014]
	[56, 1014]
	[56, 1015]
	[56, 1015]
	[56, 1015]
	[56, 1016]
	[56, 1016]
	[56, 1016]
	[56, 1016]
	[56, 1017]
	[56, 1019]
	[56, 1020]
	[56, 1020]
	[56, 1020]
	[56, 1020]
	[56, 1021]
	[56, 1021]
	[56, 1022]
	[56, 1023]
	[56, 1023]
	[57, 1000]
	[57, 1000]
	[57, 1000]
	[57, 1001]
	[57, 1001]
	[57, 1001]
	[57, 1002]
	[57, 1002]
	[57, 1002]
	[57, 1003]
	[57, 1003]
	[57, 1004]
	[57, 1004]
	[57, 1005]
	[57, 1005]
	[57, 1005]
	[57, 1005]
	[57, 1006]
	[57, 1006]
	[57, 1007]
	[57, 1007]
	[57, 1007]
	[57, 1008]
	[57, 1008]
	[57, 1008]
	[57, 1008]
	[57, 1009]
	[57, 1009]
	[57, 1010]
	[57, 1010]
	[57, 1010]
	[57, 1011]
	[57, 1012]
	[57, 1012]
	[57, 1013]
	[57, 1014]
	[57, 1014]
	[57, 1015]
	[57, 1015]
	[57, 1016]
	[57, 1016]
	[57, 1017]
	[57, 1018]
	[57, 1019]
	[57, 1019]
	[57, 1020]
	[57, 1020]
	[57, 1020]
	[57, 1021]
	[57, 1021]
	[57, 1022]
	[57, 1023]
	[57, 1024]
	[58, 1001]
	[58, 1001]
	[58, 1001]
	[58, 1002]
	[58, 1003]
	[58, 1004]
	[58, 1004]
	[58, 1005]
	[58, 1005]
	[58, 1005]
	[58, 1005]
	[58, 1006]
	[58, 1007]
	[58, 1007]
	[58, 1007]
	[58, 1007]
	[58, 1007]
	[58, 1007]
	[58, 1008]
	[58, 1008]
	[58, 1010]
	[58, 1011]
	[58, 1011]
	[58, 1012]
	[58, 1012]
	[58, 1013]
	[58, 1013]
	[58, 1013]
	[58, 1014]
	[58, 1014]
	[58, 1015]
	[58, 1016]
	[58, 1016]
	[58, 1017]
	[58, 1018]
	[58, 1018]
	[58, 1018]
	[58, 1018]
	[58, 1019]
	[58, 1019]
	[58, 1020]
	[58, 1021]
	[58, 1023]
	[58, 1024]
	[58, 1024]
	[59, 1001]
	[59, 1001]
	[59, 1002]
	[59, 1003]
	[59, 1003]
	[59, 1005]
	[59, 1005]
	[59, 1005]
	[59, 1006]
	[59, 1007]
	[59, 1007]
	[59, 1007]
	[59, 1007]
	[59, 1008]
	[59, 1009]
	[59, 1009]
	[59, 1009]
	[59, 1010]
	[59, 1010]
	[59, 1010]
	[59, 1011]
	[59, 1011]
	[59, 1011]
	[59, 1013]
	[59, 1013]
	[59, 1014]
	[59, 1014]
	[59, 1016]
	[59, 1016]
	[59, 1016]
	[59, 1018]
	[59, 1018]
	[59, 1019]
	[59, 1019]
	[59, 1020]
	[59, 1020]
	[59, 1020]
	[59, 1020]
	[59, 1021]
	[59, 1021]
	[59, 1022]
	[59, 1022]
	[59, 1023]
	[59, 1024]
	[59, 1024]
	[59, 1024]
	[59, 1024]
	[60, 1000]
	[60, 1000]
	[60, 1001]
	[60, 1001]
	[60, 1001]
	[60, 1001]
	[60, 1001]
	[60, 1002]
	[60, 1003]
	[60, 1003]
	[60, 1003]
	[60, 1004]
	[60, 1004]
	[60, 1005]
	[60, 1006]
	[60, 1006]
	[60, 1006]
	[60, 1006]
	[60, 1007]
	[60, 1007]
	[60, 1007]
	[60, 1008]
	[60, 1008]
	[60, 1008]
	[60, 1009]
	[60, 1009]
	[60, 1010]
	[60, 1011]
	[60, 1011]
	[60, 1011]
	[60, 1012]
	[60, 1014]
	[60, 1014]
	[60, 1015]
	[60, 1015]
	[60, 1015]
	[60, 1015]
	[60, 1015]
	[60, 1016]
	[60, 1016]
	[60, 1016]
	[60, 1017]
	[60, 1017]
	[60, 1018]
	[60, 1018]
	[60, 1018]
	[60, 1018]
	[60, 1019]
	[60, 1019]
	[60, 1019]
	[60, 1020]
	[60, 1020]
	[60, 1020]
	[60, 1021]
	[60, 1021]
	[60, 1022]
	[60, 1023]
	[60, 1023]
	[60, 1023]
	[60, 1023]
	[60, 1024]
	[61, 1000]
	[61, 1000]
	[61, 1000]
	[61, 1001]
	[61, 1001]
	[61, 1002]
	[61, 1003]
	[61, 1003]
	[61, 1003]
	[61, 1003]
	[61, 1003]
	[61, 1004]
	[61, 1004]
	[61, 1005]
	[61, 1005]
	[61, 1006]
	[61, 1006]
	[61, 1007]
	[61, 1007]
	[61, 1008]
	[61, 1008]
	[61, 1008]
	[61, 1009]
	[61, 1009]
	[61, 1010]
	[61, 1012]
	[61, 1012]
	[61, 1013]
	[61, 1014]
	[61, 1014]
	[61, 1014]
	[61, 1015]
	[61, 1015]
	[61, 1015]
	[61, 1016]
	[61, 1017]
	[61, 1018]
	[61, 1019]
	[61, 1019]
	[61, 1019]
	[61, 1019]
	[61, 1021]
	[61, 1021]
	[61, 1021]
	[61, 1022]
	[61, 1023]
	[62, 1001]
	[62, 1002]
	[62, 1002]
	[62, 1002]
	[62, 1003]
	[62, 1005]
	[62, 1005]
	[62, 1006]
	[62, 1008]
	[62, 1009]
	[62, 1010]
	[62, 1010]
	[62, 1010]
	[62, 1010]
	[62, 1011]
	[62, 1012]
	[62, 1012]
	[62, 1012]
	[62, 1013]
	[62, 1014]
	[62, 1014]
	[62, 1014]
	[62, 1014]
	[62, 1015]
	[62, 1015]
	[62, 1015]
	[62, 1015]
	[62, 1015]
	[62, 1016]
	[62, 1017]
	[62, 1020]
	[62, 1020]
	[62, 1020]
	[62, 1020]
	[62, 1021]
	[62, 1021]
	[62, 1021]
	[62, 1021]
	[62, 1022]
	[62, 1022]
	[62, 1024]
	[63, 1000]
	[63, 1001]
	[63, 1001]
	[63, 1002]
	[63, 1003]
	[63, 1003]
	[63, 1003]
	[63, 1004]
	[63, 1005]
	[63, 1005]
	[63, 1005]
	[63, 1005]
	[63, 1005]
	[63, 1005]
	[63, 1006]
	[63, 1006]
	[63, 1006]
	[63, 1006]
	[63, 1006]
	[63, 1007]
	[63, 1008]
	[63, 1008]
	[63, 1008]
	[63, 1010]
	[63, 1011]
	[63, 1011]
	[63, 1011]
	[63, 1013]
	[63, 1013]
	[63, 1013]
	[63, 1014]
	[63, 1015]
	[63, 1015]
	[63, 1016]
	[63, 1016]
	[63, 1017]
	[63, 1018]
	[63, 1018]
	[63, 1018]
	[63, 1019]
	[63, 1020]
	[63, 1021]
	[63, 1021]
	[63, 1021]
	[63, 1022]
	[63, 1022]
	[63, 1022]
	[63, 1022]
	[63, 1023]
	[63, 1023]
	[63, 1024]
	[63, 1024]
	[63, 1024]
	[63, 1024]
	[64, 1000]
	[64, 1000]
	[64, 1005]
	[64, 1006]
	[64, 1006]
	[64, 1007]
	[64, 1007]
	[64, 1007]
	[64, 1008]
	[64, 1008]
	[64, 1009]
	[64, 1010]
	[64, 1010]
	[64, 1013]
	[64, 1013]
	[64, 1013]
	[64, 1014]
	[64, 1014]
	[64, 1014]
	[64, 1014]
	[64, 1014]
	[64, 1014]
	[64, 1015]
	[64, 1015]
	[64, 1015]
	[64, 1015]
	[64, 1015]
	[64, 1016]
	[64, 1016]
	[64, 1016]
	[64, 1019]
	[64, 1019]
	[64, 1020]
	[64, 1020]
	[64, 1021]
	[64, 1021]
	[64, 1022]
	[64, 1022]
	[64, 1022]
	[64, 1023]
	[64, 1023]
	[64, 1024]
	[64, 1024]
	[65, 1000]
	[65, 1000]
	[65, 1001]
	[65, 1002]
	[65, 1003]
	[65, 1003]
	[65, 1003]
	[65, 1004]
	[65, 1004]
	[65, 1005]
	[65, 1005]
	[65, 1005]
	[65, 1006]
	[65, 1006]
	[65, 1006]
	[65, 1006]
	[65, 1009]
	[65, 1009]
	[65, 1009]
	[65, 1009]
	[65, 1009]
	[65, 1010]
	[65, 1010]
	[65, 1011]
	[65, 1011]
	[65, 1011]
	[65, 1011]
	[65, 1011]
	[65, 1012]
	[65, 1013]
	[65, 1013]
	[65, 1013]
	[65, 1013]
	[65, 1013]
	[65, 1014]
	[65, 1014]
	[65, 1015]
	[65, 1015]
	[65, 1016]
	[65, 1016]
	[65, 1017]
	[65, 1017]
	[65, 1017]
	[65, 1017]
	[65, 1017]
	[65, 1017]
	[65, 1018]
	[65, 1019]
	[65, 1019]
	[65, 1020]
	[65, 1020]
	[65, 1021]
	[65, 1021]
	[65, 1021]
	[65, 1022]
	[65, 1022]
	[65, 1023]
	[65, 1023]
	[65, 1023]
	[65, 1024]
	[65, 1024]
	[65, 1024]
